10,10,10,10,10,10,10,10,10,10,10,10,10,10,10,10,10,10,10,10,10,10,10,10,10,10,10,10,10,10,10,10,10,10,10,10,10,10,10,10,10,10,10,10,10,10,10,10,10,10,10,10,10,10,10,10,10,10,10,10,10,10,10,10,10,10,10,10,10,10,10,10,10,10,10,10,10,10,10,10,10,10,10,10,10,10,10,10,10,10,10,10,10,10,10,10,10,10,10,10,10,10
10,10,10,10,10,10,10,10,10,10,10,10,10,10,10,10,10,10,10,10,10,10,10,10,10,10,10,10,10,10,10,10,10,10,10,10,10,10,10,10,10,10,10,10,10,10,10,10,10,10,10.0011,10.0293,10.0011,10,10,10,10,10,10,10,10,10,10,10,10,10,10,10,10,10,10,10,10,10,10,10,10,10,10,10,10,10,10,10,10,10,10,10,10,10,10,10,10,10,10,10,10,10,10,10,10,10
10,10,10,10,10,10,10,10,10,10,10,10,10,10,10,10,10,10,10,10,10,10,10,10,10,10,10,10,10,10,10,10,10,10,10,10,10,10,10,10,10,10,10,10,10,10,10,10,10,10.0001,10.0034,10.058,10.0034,10.0001,10,10,10,10,10,10,10,10,10,10,10,10,10,10,10,10,10,10,10,10,10,10,10,10,10,10,10,10,10,10,10,10,10,10,10,10,10,10,10,10,10,10,10,10,10,10,10,10
10,10,10,10,10,10,10,10,10,10,10,10,10,10,10,10,10,10,10,10,10,10,10,10,10,10,10,10,10,10,10,10,10,10,10,10,10,10,10,10,10,10,10,10,10,10,10,10,10,10.0002,10.0072,10.0862,10.0072,10.0002,10,10,10,10,10,10,10,10,10,10,10,10,10,10,10,10,10,10,10,10,10,10,10,10,10,10,10,10,10,10,10,10,10,10,10,10,10,10,10,10,10,10,10,10,10,10,10,10
10,10,10,10,10,10,10,10,10,10,10,10,10,10,10,10,10,10,10,10,10,10,10,10,10,10,10,10,10,10,10,10,10,10,10,10,10,10,10,10,10,10,10,10,10,10,10,10,10,10.0006,10.0125,10.1139,10.0125,10.0006,10,10,10,10,10,10,10,10,10,10,10,10,10,10,10,10,10,10,10,10,10,10,10,10,10,10,10,10,10,10,10,10,10,10,10,10,10,10,10,10,10,10,10,10,10,10,10,10
10,10,10,10,10,10,10,10,10,10,10,10,10,10,10,10,10,10,10,10,10,10,10,10,10,10,10,10,10,10,10,10,10,10,10,10,10,10,10,10,10,10,10,10,10,10,10,10,10,10.0012,10.0195,10.1411,10.0195,10.0012,10,10,10,10,10,10,10,10,10,10,10,10,10,10,10,10,10,10,10,10,10,10,10,10,10,10,10,10,10,10,10,10,10,10,10,10,10,10,10,10,10,10,10,10,10,10,10,10
10,10,10,10,10,10,10,10,10,10,10,10,10,10,10,10,10,10,10,10,10,10,10,10,10,10,10,10,10,10,10,10,10,10,10,10,10,10,10,10,10,10,10,10,10,10,10,10,10.0001,10.0021,10.0283,10.1678,10.0283,10.0021,10.0001,10,10,10,10,10,10,10,10,10,10,10,10,10,10,10,10,10,10,10,10,10,10,10,10,10,10,10,10,10,10,10,10,10,10,10,10,10,10,10,10,10,10,10,10,10,10,10
10,10,10,10,10,10,10,10,10,10,10,10,10,10,10,10,10,10,10,10,10,10,10,10,10,10,10,10,10,10,10,10,10,10,10,10,10,10,10,10,10,10,10,10,10,10,10,10,10.0002,10.0035,10.0389,10.194,10.0389,10.0035,10.0002,10,10,10,10,10,10,10,10,10,10,10,10,10,10,10,10,10,10,10,10,10,10,10,10,10,10,10,10,10,10,10,10,10,10,10,10,10,10,10,10,10,10,10,10,10,10,10
10,10,10,10,10,10,10,10,10,10,10,10,10,10,10,10,10,10,10,10,10,10,10,10,10,10,10,10,10,10,10,10,10,10,10,10,10,10,10,10,10,10,10,10,10,10,10,10,10.0004,10.0054,10.0513,10.2198,10.0513,10.0054,10.0004,10,10,10,10,10,10,10,10,10,10,10,10,10,10,10,10,10,10,10,10,10,10,10,10,10,10,10,10,10,10,10,10,10,10,10,10,10,10,10,10,10,10,10,10,10,10,10
10,10,10,10,10,10,10,10,10,10,10,10,10,10,10,10,10,10,10,10,10,10,10,10,10,10,10,10,10,10,10,10,10,10,10,10,10,10,10,10,10,10,10,10,10,10,10,10,10.0006,10.008,10.0654,10.245,10.0654,10.008,10.0006,10,10,10,10,10,10,10,10,10,10,10,10,10,10,10,10,10,10,10,10,10,10,10,10,10,10,10,10,10,10,10,10,10,10,10,10,10,10,10,10,10,10,10,10,10,10,10
10,10,10,10,10,10,10,10,10,10,10,10,10,10,10,10,10,10,10,10,10,10,10,10,10,10,10,10,10,10,10,10,10,10,10,10,10,10,10,10,10,10,10,10,10,10,10,10.0001,10.001,10.0113,10.0813,10.2698,10.0813,10.0113,10.001,10.0001,10,10,10,10,10,10,10,10,10,10,10,10,10,10,10,10,10,10,10,10,10,10,10,10,10,10,10,10,10,10,10,10,10,10,10,10,10,10,10,10,10,10,10,10,10,10
10,10,10,10,10,10,10,10,10,10,10,10,10,10,10,10,10,10,10,10,10,10,10,10,10,10,10,10,10,10,10,10,10,10,10,10,10,10,10,10,10,10,10,10,10,10,10,10.0001,10.0016,10.0154,10.0988,10.2941,10.0988,10.0154,10.0016,10.0001,10,10,10,10,10,10,10,10,10,10,10,10,10,10,10,10,10,10,10,10,10,10,10,10,10,10,10,10,10,10,10,10,10,10,10,10,10,10,10,10,10,10,10,10,10,10
10,10,10,10,10,10,10,10,10,10,10,10,10,10,10,10,10,10,10,10,10,10,10,10,10,10,10,10,10,10,10,10,10,10,10,10,10,10,10,10,10,10,10,10,10,10,10,10.0002,10.0023,10.0205,10.118,10.318,10.118,10.0205,10.0023,10.0002,10,10,10,10,10,10,10,10,10,10,10,10,10,10,10,10,10,10,10,10,10,10,10,10,10,10,10,10,10,10,10,10,10,10,10,10,10,10,10,10,10,10,10,10,10,10
10,10,10,10,10,10,10,10,10,10,10,10,10,10,10,10,10,10,10,10,10,10,10,10,10,10,10,10,10,10,10,10,10,10,10,10,10,10,10,10,10,10,10,10,10,10,10,10.0003,10.0034,10.0267,10.1386,10.3414,10.1386,10.0267,10.0034,10.0003,10,10,10,10,10,10,10,10,10,10,10,10,10,10,10,10,10,10,10,10,10,10,10,10,10,10,10,10,10,10,10,10,10,10,10,10,10,10,10,10,10,10,10,10,10,10
10,10,10,10,10,10,10,10,10,10,10,10,10,10,10,10,10,10,10,10,10,10,10,10,10,10,10,10,10,10,10,10,10,10,10,10,10,10,10,10,10,10,10,10,10,10,10,10.0005,10.0047,10.0339,10.1605,10.3644,10.1605,10.0339,10.0047,10.0005,10,10,10,10,10,10,10,10,10,10,10,10,10,10,10,10,10,10,10,10,10,10,10,10,10,10,10,10,10,10,10,10,10,10,10,10,10,10,10,10,10,10,10,10,10,10
10,10,10,10,10,10,10,10,10,10,10,10,10,10,10,10,10,10,10,10,10,10,10,10,10,10,10,10,10,10,10,10,10,10,10,10,10,10,10,10,10,10,10,10,10,10,10.0001,10.0007,10.0064,10.0423,10.1837,10.3869,10.1837,10.0423,10.0064,10.0007,10.0001,10,10,10,10,10,10,10,10,10,10,10,10,10,10,10,10,10,10,10,10,10,10,10,10,10,10,10,10,10,10,10,10,10,10,10,10,10,10,10,10,10,10,10,10,10
10,10,10,10,10,10,10,10,10,10,10,10,10,10,10,10,10,10,10,10,10,10,10,10,10,10,10,10,10,10,10,10,10,10,10,10,10,10,10,10,10,10,10,10,10,10,10.0001,10.001,10.0086,10.052,10.208,10.4089,10.208,10.052,10.0086,10.001,10.0001,10,10,10,10,10,10,10,10,10,10,10,10,10,10,10,10,10,10,10,10,10,10,10,10,10,10,10,10,10,10,10,10,10,10,10,10,10,10,10,10,10,10,10,10,10
10,10,10,10,10,10,10,10,10,10,10,10,10,10,10,10,10,10,10,10,10,10,10,10,10,10,10,10,10,10,10,10,10,10,10,10,10,10,10,10,10,10,10,10,10,10,10.0001,10.0014,10.0112,10.0629,10.2332,10.4305,10.2332,10.0629,10.0112,10.0014,10.0001,10,10,10,10,10,10,10,10,10,10,10,10,10,10,10,10,10,10,10,10,10,10,10,10,10,10,10,10,10,10,10,10,10,10,10,10,10,10,10,10,10,10,10,10,10
10,10,10,10,10,10,10,10,10,10,10,10,10,10,10,10,10,10,10,10,10,10,10,10,10,10,10,10,10,10,10,10,10,10,10,10,10,10,10,10,10,10,10,10,10,10,10.0002,10.002,10.0145,10.0751,10.2592,10.4516,10.2592,10.0751,10.0145,10.002,10.0002,10,10,10,10,10,10,10,10,10,10,10,10,10,10,10,10,10,10,10,10,10,10,10,10,10,10,10,10,10,10,10,10,10,10,10,10,10,10,10,10,10,10,10,10,10
10,10,10,10,10,10,10,10,10,10,10,10,10,10,10,10,10,10,10,10,10,10,10,10,10,10,10,10,10,10,10,10,10,10,10,10,10,10,10,10,10,10,10,10,10,10,10.0003,10.0027,10.0183,10.0886,10.2858,10.4723,10.2858,10.0886,10.0183,10.0027,10.0003,10,10,10,10,10,10,10,10,10,10,10,10,10,10,10,10,10,10,10,10,10,10,10,10,10,10,10,10,10,10,10,10,10,10,10,10,10,10,10,10,10,10,10,10,10
10,10,10,10,10,10,10,10,10,10,10,10,10,10,10,10,10,10,10,10,10,10,10,10,10,10,10,10,10,10,10,10,10,10,10,10,10,10,10,10,10,10,10,10,10,10,10.0004,10.0037,10.0229,10.1034,10.313,10.4925,10.313,10.1034,10.0229,10.0037,10.0004,10,10,10,10,10,10,10,10,10,10,10,10,10,10,10,10,10,10,10,10,10,10,10,10,10,10,10,10,10,10,10,10,10,10,10,10,10,10,10,10,10,10,10,10,10
10,10,10,10,10,10,10,10,10,10,10,10,10,10,10,10,10,10,10,10,10,10,10,10,10,10,10,10,10,10,10,10,10,10,10,10,10,10,10,10,10,10,10,10,10,10.0001,10.0006,10.0048,10.0283,10.1196,10.3405,10.5122,10.3405,10.1196,10.0283,10.0048,10.0006,10.0001,10,10,10,10,10,10,10,10,10,10,10,10,10,10,10,10,10,10,10,10,10,10,10,10,10,10,10,10,10,10,10,10,10,10,10,10,10,10,10,10,10,10,10,10
10,10,10,10,10,10,10,10,10,10,10,10,10,10,10,10,10,10,10,10,10,10,10,10,10,10,10,10,10,10,10,10,10,10,10,10,10,10,10,10,10,10,10,10,10,10.0001,10.0009,10.0063,10.0344,10.137,10.3683,10.5313,10.3683,10.137,10.0344,10.0063,10.0009,10.0001,10,10,10,10,10,10,10,10,10,10,10,10,10,10,10,10,10,10,10,10,10,10,10,10,10,10,10,10,10,10,10,10,10,10,10,10,10,10,10,10,10,10,10,10
10,10,10,10,10,10,10,10,10,10,10,10,10,10,10,10,10,10,10,10,10,10,10,10,10,10,10,10,10,10,10,10,10,10,10,10,10,10,10,10,10,10,10,10,10,10.0001,10.0012,10.008,10.0415,10.1555,10.3962,10.55,10.3962,10.1555,10.0415,10.008,10.0012,10.0001,10,10,10,10,10,10,10,10,10,10,10,10,10,10,10,10,10,10,10,10,10,10,10,10,10,10,10,10,10,10,10,10,10,10,10,10,10,10,10,10,10,10,10,10
10,10,10,10,10,10,10,10,10,10,10,10,10,10,10,10,10,10,10,10,10,10,10,10,10,10,10,10,10,10,10,10,10,10,10,10,10,10,10,10,10,10,10,10,10,10.0002,10.0016,10.0102,10.0495,10.1753,10.424,10.5681,10.424,10.1753,10.0495,10.0102,10.0016,10.0002,10,10,10,10,10,10,10,10,10,10,10,10,10,10,10,10,10,10,10,10,10,10,10,10,10,10,10,10,10,10,10,10,10,10,10,10,10,10,10,10,10,10,10,10
10,10,10,10,10,10,10,10,10,10,10,10,10,10,10,10,10,10,10,10,10,10,10,10,10,10,10,10,10,10,10,10,10,10,10,10,10,10,10,10,10,10,10,10,10,10.0003,10.0021,10.0127,10.0585,10.1961,10.4517,10.5857,10.4517,10.1961,10.0585,10.0127,10.0021,10.0003,10,10,10,10,10,10,10,10,10,10,10,10,10,10,10,10,10,10,10,10,10,10,10,10,10,10,10,10,10,10,10,10,10,10,10,10,10,10,10,10,10,10,10,10
10,10,10,10,10,10,10,10,10,10,10,10,10,10,10,10,10,10,10,10,10,10,10,10,10,10,10,10,10,10,10,10,10,10,10,10,10,10,10,10,10,10,10,10,10,10.0004,10.0028,10.0157,10.0686,10.218,10.4792,10.6027,10.4792,10.218,10.0686,10.0157,10.0028,10.0004,10,10,10,10,10,10,10,10,10,10,10,10,10,10,10,10,10,10,10,10,10,10,10,10,10,10,10,10,10,10,10,10,10,10,10,10,10,10,10,10,10,10,10,10
10,10,10,10,10,10,10,10,10,10,10,10,10,10,10,10,10,10,10,10,10,10,10,10,10,10,10,10,10,10,10,10,10,10,10,10,10,10,10,10,10,10,10,10,10.0001,10.0005,10.0036,10.0192,10.0797,10.2407,10.5064,10.6191,10.5064,10.2407,10.0797,10.0192,10.0036,10.0005,10.0001,10,10,10,10,10,10,10,10,10,10,10,10,10,10,10,10,10,10,10,10,10,10,10,10,10,10,10,10,10,10,10,10,10,10,10,10,10,10,10,10,10,10,10
10,10,10,10,10,10,10,10,10,10,10,10,10,10,10,10,10,10,10,10,10,10,10,10,10,10,10,10,10,10,10,10,10,10,10,10,10,10,10,10,10,10,10,10,10.0001,10.0007,10.0045,10.0233,10.0918,10.2643,10.5332,10.6349,10.5332,10.2643,10.0918,10.0233,10.0045,10.0007,10.0001,10,10,10,10,10,10,10,10,10,10,10,10,10,10,10,10,10,10,10,10,10,10,10,10,10,10,10,10,10,10,10,10,10,10,10,10,10,10,10,10,10,10,10
10,10,10,10,10,10,10,10,10,10,10,10,10,10,10,10,10,10,10,10,10,10,10,10,10,10,10,10,10,10,10,10,10,10,10,10,10,10,10,10,10,10,10,10,10.0001,10.0009,10.0057,10.028,10.1051,10.2886,10.5595,10.6501,10.5595,10.2886,10.1051,10.028,10.0057,10.0009,10.0001,10,10,10,10,10,10,10,10,10,10,10,10,10,10,10,10,10,10,10,10,10,10,10,10,10,10,10,10,10,10,10,10,10,10,10,10,10,10,10,10,10,10,10
10,10,10,10,10,10,10,10,10,10,10,10,10,10,10,10,10,10,10,10,10,10,10,10,10,10,10,10,10,10,10,10,10,10,10,10,10,10,10,10,10,10,10,10,10.0002,10.0012,10.0072,10.0334,10.1194,10.3135,10.5853,10.6647,10.5853,10.3135,10.1194,10.0334,10.0072,10.0012,10.0002,10,10,10,10,10,10,10,10,10,10,10,10,10,10,10,10,10,10,10,10,10,10,10,10,10,10,10,10,10,10,10,10,10,10,10,10,10,10,10,10,10,10,10
10,10,10,10,10,10,10,10,10,10,10,10,10,10,10,10,10,10,10,10,10,10,10,10,10,10,10,10,10,10,10,10,10,10,10,10,10,10,10,10,10,10,10,10,10.0002,10.0016,10.0089,10.0395,10.1349,10.3389,10.6105,10.6786,10.6105,10.3389,10.1349,10.0395,10.0089,10.0016,10.0002,10,10,10,10,10,10,10,10,10,10,10,10,10,10,10,10,10,10,10,10,10,10,10,10,10,10,10,10,10,10,10,10,10,10,10,10,10,10,10,10,10,10,10
10,10,10,10,10,10,10,10,10,10,10,10,10,10,10,10,10,10,10,10,10,10,10,10,10,10,10,10,10,10,10,10,10,10,10,10,10,10,10,10,10,10,10,10,10.0003,10.002,10.0109,10.0463,10.1513,10.3647,10.6351,10.6919,10.6351,10.3647,10.1513,10.0463,10.0109,10.002,10.0003,10,10,10,10,10,10,10,10,10,10,10,10,10,10,10,10,10,10,10,10,10,10,10,10,10,10,10,10,10,10,10,10,10,10,10,10,10,10,10,10,10,10,10
10,10,10,10,10,10,10,10,10,10,10,10,10,10,10,10,10,10,10,10,10,10,10,10,10,10,10,10,10,10,10,10,10,10,10,10,10,10,10,10,10,10,10,10.0001,10.0004,10.0026,10.0133,10.054,10.1689,10.3908,10.6589,10.7045,10.6589,10.3908,10.1689,10.054,10.0133,10.0026,10.0004,10.0001,10,10,10,10,10,10,10,10,10,10,10,10,10,10,10,10,10,10,10,10,10,10,10,10,10,10,10,10,10,10,10,10,10,10,10,10,10,10,10,10,10,10
10,10,10,10,10,10,10,10,10,10,10,10,10,10,10,10,10,10,10,10,10,10,10,10,10,10,10,10,10,10,10,10,10,10,10,10,10,10,10,10,10,10,10,10.0001,10.0005,10.0033,10.016,10.0625,10.1874,10.417,10.682,10.7164,10.682,10.417,10.1874,10.0625,10.016,10.0033,10.0005,10.0001,10,10,10,10,10,10,10,10,10,10,10,10,10,10,10,10,10,10,10,10,10,10,10,10,10,10,10,10,10,10,10,10,10,10,10,10,10,10,10,10,10,10
10,10,10,10,10,10,10,10,10,10,10,10,10,10,10,10,10,10,10,10,10,10,10,10,10,10,10,10,10,10,10,10,10,10,10,10,10,10,10,10,10,10,10,10.0001,10.0007,10.0041,10.0192,10.0718,10.2068,10.4434,10.7044,10.7276,10.7044,10.4434,10.2068,10.0718,10.0192,10.0041,10.0007,10.0001,10,10,10,10,10,10,10,10,10,10,10,10,10,10,10,10,10,10,10,10,10,10,10,10,10,10,10,10,10,10,10,10,10,10,10,10,10,10,10,10,10,10
10,10,10,10,10,10,10,10,10,10,10,10,10,10,10,10,10,10,10,10,10,10,10,10,10,10,10,10,10,10,10,10,10,10,10,10,10,10,10,10,10,10,10,10.0001,10.0009,10.0051,10.0228,10.0821,10.2272,10.4697,10.7261,10.738,10.7261,10.4697,10.2272,10.0821,10.0228,10.0051,10.0009,10.0001,10,10,10,10,10,10,10,10,10,10,10,10,10,10,10,10,10,10,10,10,10,10,10,10,10,10,10,10,10,10,10,10,10,10,10,10,10,10,10,10,10,10
10,10,10,10,10,10,10,10,10,10,10,10,10,10,10,10,10,10,10,10,10,10,10,10,10,10,10,10,10,10,10,10,10,10,10,10,10,10,10,10,10,10,10,10.0002,10.0012,10.0062,10.027,10.0933,10.2484,10.4958,10.7469,10.7478,10.7469,10.4958,10.2484,10.0933,10.027,10.0062,10.0012,10.0002,10,10,10,10,10,10,10,10,10,10,10,10,10,10,10,10,10,10,10,10,10,10,10,10,10,10,10,10,10,10,10,10,10,10,10,10,10,10,10,10,10,10
10,10,10,10,10,10,10,10,10,10,10,10,10,10,10,10,10,10,10,10,10,10,10,10,10,10,10,10,10,10,10,10,10,10,10,10,10,10,10,10,10,10,10,10.0002,10.0015,10.0076,10.0317,10.1054,10.2703,10.5218,10.7669,10.7568,10.7669,10.5218,10.2703,10.1054,10.0317,10.0076,10.0015,10.0002,10,10,10,10,10,10,10,10,10,10,10,10,10,10,10,10,10,10,10,10,10,10,10,10,10,10,10,10,10,10,10,10,10,10,10,10,10,10,10,10,10,10
10,10,10,10,10,10,10,10,10,10,10,10,10,10,10,10,10,10,10,10,10,10,10,10,10,10,10,10,10,10,10,10,10,10,10,10,10,10,10,10,10,10,10,10.0003,10.0019,10.0092,10.037,10.1184,10.2929,10.5474,10.7861,10.7651,10.7861,10.5474,10.2929,10.1184,10.037,10.0092,10.0019,10.0003,10,10,10,10,10,10,10,10,10,10,10,10,10,10,10,10,10,10,10,10,10,10,10,10,10,10,10,10,10,10,10,10,10,10,10,10,10,10,10,10,10,10
10,10,10,10,10,10,10,10,10,10,10,10,10,10,10,10,10,10,10,10,10,10,10,10,10,10,10,10,10,10,10,10,10,10,10,10,10,10,10,10,10,10,10.0001,10.0004,10.0023,10.0111,10.0429,10.1324,10.3161,10.5727,10.8044,10.7726,10.8044,10.5727,10.3161,10.1324,10.0429,10.0111,10.0023,10.0004,10.0001,10,10,10,10,10,10,10,10,10,10,10,10,10,10,10,10,10,10,10,10,10,10,10,10,10,10,10,10,10,10,10,10,10,10,10,10,10,10,10,10,10
10,10,10,10,10,10,10,10,10,10,10,10,10,10,10,10,10,10,10,10,10,10,10,10,10,10,10,10,10,10,10,10,10,10,10,10,10,10,10,10,10,10,10.0001,10.0005,10.0029,10.0133,10.0495,10.1474,10.3399,10.5975,10.8219,10.7794,10.8219,10.5975,10.3399,10.1474,10.0495,10.0133,10.0029,10.0005,10.0001,10,10,10,10,10,10,10,10,10,10,10,10,10,10,10,10,10,10,10,10,10,10,10,10,10,10,10,10,10,10,10,10,10,10,10,10,10,10,10,10,10
10,10,10,10,10,10,10,10,10,10,10,10,10,10,10,10,10,10,10,10,10,10,10,10,10,10,10,10,10,10,10,10,10,10,10,10,10,10,10,10,10,10,10.0001,10.0007,10.0036,10.0158,10.0568,10.1633,10.3641,10.6218,10.8386,10.7853,10.8386,10.6218,10.3641,10.1633,10.0568,10.0158,10.0036,10.0007,10.0001,10,10,10,10,10,10,10,10,10,10,10,10,10,10,10,10,10,10,10,10,10,10,10,10,10,10,10,10,10,10,10,10,10,10,10,10,10,10,10,10,10
10,10,10,10,10,10,10,10,10,10,10,10,10,10,10,10,10,10,10,10,10,10,10,10,10,10,10,10,10,10,10,10,10,10,10,10,10,10,10,10,10,10,10.0001,10.0009,10.0044,10.0186,10.0649,10.18,10.3886,10.6455,10.8544,10.7905,10.8544,10.6455,10.3886,10.18,10.0649,10.0186,10.0044,10.0009,10.0001,10,10,10,10,10,10,10,10,10,10,10,10,10,10,10,10,10,10,10,10,10,10,10,10,10,10,10,10,10,10,10,10,10,10,10,10,10,10,10,10,10
10,10,10,10,10,10,10,10,10,10,10,10,10,10,10,10,10,10,10,10,10,10,10,10,10,10,10,10,10,10,10,10,10,10,10,10,10,10,10,10,10,10,10.0002,10.0011,10.0053,10.0219,10.0736,10.1977,10.4133,10.6685,10.8693,10.795,10.8693,10.6685,10.4133,10.1977,10.0736,10.0219,10.0053,10.0011,10.0002,10,10,10,10,10,10,10,10,10,10,10,10,10,10,10,10,10,10,10,10,10,10,10,10,10,10,10,10,10,10,10,10,10,10,10,10,10,10,10,10,10
10,10,10,10,10,10,10,10,10,10,10,10,10,10,10,10,10,10,10,10,10,10,10,10,10,10,10,10,10,10,10,10,10,10,10,10,10,10,10,10,10,10,10.0002,10.0014,10.0064,10.0256,10.0832,10.2162,10.4382,10.6909,10.8833,10.7986,10.8833,10.6909,10.4382,10.2162,10.0832,10.0256,10.0064,10.0014,10.0002,10,10,10,10,10,10,10,10,10,10,10,10,10,10,10,10,10,10,10,10,10,10,10,10,10,10,10,10,10,10,10,10,10,10,10,10,10,10,10,10,10
10,10,10,10,10,10,10,10,10,10,10,10,10,10,10,10,10,10,10,10,10,10,10,10,10,10,10,10,10,10,10,10,10,10,10,10,10,10,10,10,10,10.0001,10.0003,10.0017,10.0077,10.0297,10.0936,10.2354,10.4632,10.7126,10.8965,10.8014,10.8965,10.7126,10.4632,10.2354,10.0936,10.0297,10.0077,10.0017,10.0003,10.0001,10,10,10,10,10,10,10,10,10,10,10,10,10,10,10,10,10,10,10,10,10,10,10,10,10,10,10,10,10,10,10,10,10,10,10,10,10,10,10,10
10,10,10,10,10,10,10,10,10,10,10,10,10,10,10,10,10,10,10,10,10,10,10,10,10,10,10,10,10,10,10,10,10,10,10,10,10,10,10,10,10,10.0001,10.0004,10.0021,10.0092,10.0344,10.1048,10.2555,10.4882,10.7335,10.9088,10.8035,10.9088,10.7335,10.4882,10.2555,10.1048,10.0344,10.0092,10.0021,10.0004,10.0001,10,10,10,10,10,10,10,10,10,10,10,10,10,10,10,10,10,10,10,10,10,10,10,10,10,10,10,10,10,10,10,10,10,10,10,10,10,10,10,10
10,10,10,10,10,10,10,10,10,10,10,10,10,10,10,10,10,10,10,10,10,10,10,10,10,10,10,10,10,10,10,10,10,10,10,10,10,10,10,10,10,10.0001,10.0005,10.0025,10.011,10.0396,10.1169,10.2762,10.513,10.7536,10.9202,10.8047,10.9202,10.7536,10.513,10.2762,10.1169,10.0396,10.011,10.0025,10.0005,10.0001,10,10,10,10,10,10,10,10,10,10,10,10,10,10,10,10,10,10,10,10,10,10,10,10,10,10,10,10,10,10,10,10,10,10,10,10,10,10,10,10
10,10,10,10,10,10,10,10,10,10,10,10,10,10,10,10,10,10,10,10,10,10,10,10,10,10,10,10,10,10,10,10,10,10,10,10,10,10,10,10,10,10.0001,10.0006,10.0031,10.013,10.0453,10.1298,10.2975,10.5377,10.773,10.9307,10.8052,10.9307,10.773,10.5377,10.2975,10.1298,10.0453,10.013,10.0031,10.0006,10.0001,10,10,10,10,10,10,10,10,10,10,10,10,10,10,10,10,10,10,10,10,10,10,10,10,10,10,10,10,10,10,10,10,10,10,10,10,10,10,10,10
10,10,10,10,10,10,10,10,10,10,10,10,10,10,10,10,10,10,10,10,10,10,10,10,10,10,10,10,10,10,10,10,10,10,10,10,10,10,10,10,10,10.0001,10.0008,10.0038,10.0152,10.0517,10.1435,10.3194,10.5621,10.7914,10.9403,10.8048,10.9403,10.7914,10.5621,10.3194,10.1435,10.0517,10.0152,10.0038,10.0008,10.0001,10,10,10,10,10,10,10,10,10,10,10,10,10,10,10,10,10,10,10,10,10,10,10,10,10,10,10,10,10,10,10,10,10,10,10,10,10,10,10,10
10,10,10,10,10,10,10,10,10,10,10,10,10,10,10,10,10,10,10,10,10,10,10,10,10,10,10,10,10,10,10,10,10,10,10,10,10,10,10,10,10,10.0002,10.001,10.0045,10.0178,10.0586,10.1581,10.3418,10.5862,10.8091,10.949,10.8037,10.949,10.8091,10.5862,10.3418,10.1581,10.0586,10.0178,10.0045,10.001,10.0002,10,10,10,10,10,10,10,10,10,10,10,10,10,10,10,10,10,10,10,10,10,10,10,10,10,10,10,10,10,10,10,10,10,10,10,10,10,10,10,10
10,10,10,10,10,10,10,10,10,10,10,10,10,10,10,10,10,10,10,10,10,10,10,10,10,10,10,10,10,10,10,10,10,10,10,10,10,10,10,10,10,10.0002,10.0012,10.0054,10.0207,10.0663,10.1734,10.3647,10.6098,10.8258,10.9567,10.8018,10.9567,10.8258,10.6098,10.3647,10.1734,10.0663,10.0207,10.0054,10.0012,10.0002,10,10,10,10,10,10,10,10,10,10,10,10,10,10,10,10,10,10,10,10,10,10,10,10,10,10,10,10,10,10,10,10,10,10,10,10,10,10,10,10
10,10,10,10,10,10,10,10,10,10,10,10,10,10,10,10,10,10,10,10,10,10,10,10,10,10,10,10,10,10,10,10,10,10,10,10,10,10,10,10,10.0001,10.0003,10.0015,10.0065,10.024,10.0746,10.1896,10.3878,10.633,10.8417,10.9635,10.799,10.9635,10.8417,10.633,10.3878,10.1896,10.0746,10.024,10.0065,10.0015,10.0003,10.0001,10,10,10,10,10,10,10,10,10,10,10,10,10,10,10,10,10,10,10,10,10,10,10,10,10,10,10,10,10,10,10,10,10,10,10,10,10,10,10
10,10,10,10,10,10,10,10,10,10,10,10,10,10,10,10,10,10,10,10,10,10,10,10,10,10,10,10,10,10,10,10,10,10,10,10,10,10,10,10,10.0001,10.0004,10.0018,10.0077,10.0277,10.0836,10.2066,10.4113,10.6557,10.8568,10.9694,10.7955,10.9694,10.8568,10.6557,10.4113,10.2066,10.0836,10.0277,10.0077,10.0018,10.0004,10.0001,10,10,10,10,10,10,10,10,10,10,10,10,10,10,10,10,10,10,10,10,10,10,10,10,10,10,10,10,10,10,10,10,10,10,10,10,10,10,10
10,10,10,10,10,10,10,10,10,10,10,10,10,10,10,10,10,10,10,10,10,10,10,10,10,10,10,10,10,10,10,10,10,10,10,10,10,10,10,10,10.0001,10.0005,10.0022,10.0091,10.0318,10.0933,10.2243,10.435,10.6777,10.8709,10.9744,10.7912,10.9744,10.8709,10.6777,10.435,10.2243,10.0933,10.0318,10.0091,10.0022,10.0005,10.0001,10,10,10,10,10,10,10,10,10,10,10,10,10,10,10,10,10,10,10,10,10,10,10,10,10,10,10,10,10,10,10,10,10,10,10,10,10,10,10
10,10,10,10,10,10,10,10,10,10,10,10,10,10,10,10,10,10,10,10,10,10,10,10,10,10,10,10,10,10,10,10,10,10,10,10,10,10,10,10,10.0001,10.0006,10.0027,10.0107,10.0364,10.1037,10.2427,10.4587,10.6992,10.8841,10.9784,10.7862,10.9784,10.8841,10.6992,10.4587,10.2427,10.1037,10.0364,10.0107,10.0027,10.0006,10.0001,10,10,10,10,10,10,10,10,10,10,10,10,10,10,10,10,10,10,10,10,10,10,10,10,10,10,10,10,10,10,10,10,10,10,10,10,10,10,10
10,10,10,10,10,10,10,10,10,10,10,10,10,10,10,10,10,10,10,10,10,10,10,10,10,10,10,10,10,10,10,10,10,10,10,10,10,10,10,10,10.0001,10.0007,10.0032,10.0125,10.0414,10.115,10.2619,10.4825,10.7199,10.8964,10.9814,10.7803,10.9814,10.8964,10.7199,10.4825,10.2619,10.115,10.0414,10.0125,10.0032,10.0007,10.0001,10,10,10,10,10,10,10,10,10,10,10,10,10,10,10,10,10,10,10,10,10,10,10,10,10,10,10,10,10,10,10,10,10,10,10,10,10,10,10
10,10,10,10,10,10,10,10,10,10,10,10,10,10,10,10,10,10,10,10,10,10,10,10,10,10,10,10,10,10,10,10,10,10,10,10,10,10,10,10,10.0002,10.0009,10.0038,10.0145,10.047,10.1269,10.2816,10.5063,10.74,10.9078,10.9835,10.7737,10.9835,10.9078,10.74,10.5063,10.2816,10.1269,10.047,10.0145,10.0038,10.0009,10.0002,10,10,10,10,10,10,10,10,10,10,10,10,10,10,10,10,10,10,10,10,10,10,10,10,10,10,10,10,10,10,10,10,10,10,10,10,10,10,10
10,10,10,10,10,10,10,10,10,10,10,10,10,10,10,10,10,10,10,10,10,10,10,10,10,10,10,10,10,10,10,10,10,10,10,10,10,10,10,10,10.0002,10.0011,10.0045,10.0168,10.0531,10.1396,10.3019,10.53,10.7592,10.9183,10.9847,10.7663,10.9847,10.9183,10.7592,10.53,10.3019,10.1396,10.0531,10.0168,10.0045,10.0011,10.0002,10,10,10,10,10,10,10,10,10,10,10,10,10,10,10,10,10,10,10,10,10,10,10,10,10,10,10,10,10,10,10,10,10,10,10,10,10,10,10
10,10,10,10,10,10,10,10,10,10,10,10,10,10,10,10,10,10,10,10,10,10,10,10,10,10,10,10,10,10,10,10,10,10,10,10,10,10,10,10,10.0003,10.0013,10.0054,10.0195,10.0597,10.1531,10.3228,10.5535,10.7777,10.9278,10.9848,10.7581,10.9848,10.9278,10.7777,10.5535,10.3228,10.1531,10.0597,10.0195,10.0054,10.0013,10.0003,10,10,10,10,10,10,10,10,10,10,10,10,10,10,10,10,10,10,10,10,10,10,10,10,10,10,10,10,10,10,10,10,10,10,10,10,10,10,10
10,10,10,10,10,10,10,10,10,10,10,10,10,10,10,10,10,10,10,10,10,10,10,10,10,10,10,10,10,10,10,10,10,10,10,10,10,10,10,10.0001,10.0003,10.0016,10.0064,10.0224,10.067,10.1674,10.3441,10.5767,10.7954,10.9365,10.984,10.7493,10.984,10.9365,10.7954,10.5767,10.3441,10.1674,10.067,10.0224,10.0064,10.0016,10.0003,10.0001,10,10,10,10,10,10,10,10,10,10,10,10,10,10,10,10,10,10,10,10,10,10,10,10,10,10,10,10,10,10,10,10,10,10,10,10,10,10
10,10,10,10,10,10,10,10,10,10,10,10,10,10,10,10,10,10,10,10,10,10,10,10,10,10,10,10,10,10,10,10,10,10,10,10,10,10,10,10.0001,10.0004,10.0019,10.0075,10.0257,10.0748,10.1823,10.3658,10.5996,10.8122,10.9442,10.9823,10.7396,10.9823,10.9442,10.8122,10.5996,10.3658,10.1823,10.0748,10.0257,10.0075,10.0019,10.0004,10.0001,10,10,10,10,10,10,10,10,10,10,10,10,10,10,10,10,10,10,10,10,10,10,10,10,10,10,10,10,10,10,10,10,10,10,10,10,10,10
10,10,10,10,10,10,10,10,10,10,10,10,10,10,10,10,10,10,10,10,10,10,10,10,10,10,10,10,10,10,10,10,10,10,10,10,10,10,10,10.0001,10.0005,10.0023,10.0088,10.0293,10.0833,10.198,10.3879,10.6221,10.8282,10.951,10.9795,10.7293,10.9795,10.951,10.8282,10.6221,10.3879,10.198,10.0833,10.0293,10.0088,10.0023,10.0005,10.0001,10,10,10,10,10,10,10,10,10,10,10,10,10,10,10,10,10,10,10,10,10,10,10,10,10,10,10,10,10,10,10,10,10,10,10,10,10,10
10,10,10,10,10,10,10,10,10,10,10,10,10,10,10,10,10,10,10,10,10,10,10,10,10,10,10,10,10,10,10,10,10,10,10,10,10,10,10,10.0001,10.0006,10.0027,10.0102,10.0333,10.0925,10.2144,10.4102,10.6442,10.8433,10.9568,10.9759,10.7182,10.9759,10.9568,10.8433,10.6442,10.4102,10.2144,10.0925,10.0333,10.0102,10.0027,10.0006,10.0001,10,10,10,10,10,10,10,10,10,10,10,10,10,10,10,10,10,10,10,10,10,10,10,10,10,10,10,10,10,10,10,10,10,10,10,10,10,10
10,10,10,10,10,10,10,10,10,10,10,10,10,10,10,10,10,10,10,10,10,10,10,10,10,10,10,10,10,10,10,10,10,10,10,10,10,10,10,10.0002,10.0008,10.0032,10.0119,10.0378,10.1023,10.2315,10.4328,10.6658,10.8576,10.9617,10.9712,10.7064,10.9712,10.9617,10.8576,10.6658,10.4328,10.2315,10.1023,10.0378,10.0119,10.0032,10.0008,10.0002,10,10,10,10,10,10,10,10,10,10,10,10,10,10,10,10,10,10,10,10,10,10,10,10,10,10,10,10,10,10,10,10,10,10,10,10,10,10
10,10,10,10,10,10,10,10,10,10,10,10,10,10,10,10,10,10,10,10,10,10,10,10,10,10,10,10,10,10,10,10,10,10,10,10,10,10,10,10.0002,10.0009,10.0038,10.0137,10.0427,10.1128,10.2493,10.4554,10.6868,10.8709,10.9657,10.9656,10.6939,10.9656,10.9657,10.8709,10.6868,10.4554,10.2493,10.1128,10.0427,10.0137,10.0038,10.0009,10.0002,10,10,10,10,10,10,10,10,10,10,10,10,10,10,10,10,10,10,10,10,10,10,10,10,10,10,10,10,10,10,10,10,10,10,10,10,10,10
10,10,10,10,10,10,10,10,10,10,10,10,10,10,10,10,10,10,10,10,10,10,10,10,10,10,10,10,10,10,10,10,10,10,10,10,10,10,10,10.0002,10.0011,10.0045,10.0158,10.0481,10.124,10.2676,10.4782,10.7072,10.8833,10.9688,10.959,10.6808,10.959,10.9688,10.8833,10.7072,10.4782,10.2676,10.124,10.0481,10.0158,10.0045,10.0011,10.0002,10,10,10,10,10,10,10,10,10,10,10,10,10,10,10,10,10,10,10,10,10,10,10,10,10,10,10,10,10,10,10,10,10,10,10,10,10,10
10,10,10,10,10,10,10,10,10,10,10,10,10,10,10,10,10,10,10,10,10,10,10,10,10,10,10,10,10,10,10,10,10,10,10,10,10,10,10.0001,10.0003,10.0013,10.0053,10.0182,10.0539,10.1358,10.2865,10.501,10.727,10.8948,10.9709,10.9515,10.6669,10.9515,10.9709,10.8948,10.727,10.501,10.2865,10.1358,10.0539,10.0182,10.0053,10.0013,10.0003,10.0001,10,10,10,10,10,10,10,10,10,10,10,10,10,10,10,10,10,10,10,10,10,10,10,10,10,10,10,10,10,10,10,10,10,10,10,10,10
10,10,10,10,10,10,10,10,10,10,10,10,10,10,10,10,10,10,10,10,10,10,10,10,10,10,10,10,10,10,10,10,10,10,10,10,10,10,10.0001,10.0004,10.0016,10.0062,10.0208,10.0603,10.1484,10.306,10.5237,10.746,10.9054,10.972,10.943,10.6524,10.943,10.972,10.9054,10.746,10.5237,10.306,10.1484,10.0603,10.0208,10.0062,10.0016,10.0004,10.0001,10,10,10,10,10,10,10,10,10,10,10,10,10,10,10,10,10,10,10,10,10,10,10,10,10,10,10,10,10,10,10,10,10,10,10,10,10
10,10,10,10,10,10,10,10,10,10,10,10,10,10,10,10,10,10,10,10,10,10,10,10,10,10,10,10,10,10,10,10,10,10,10,10,10,10,10.0001,10.0004,10.0019,10.0072,10.0237,10.0672,10.1617,10.3259,10.5463,10.7644,10.915,10.9722,10.9336,10.6373,10.9336,10.9722,10.915,10.7644,10.5463,10.3259,10.1617,10.0672,10.0237,10.0072,10.0019,10.0004,10.0001,10,10,10,10,10,10,10,10,10,10,10,10,10,10,10,10,10,10,10,10,10,10,10,10,10,10,10,10,10,10,10,10,10,10,10,10,10
10,10,10,10,10,10,10,10,10,10,10,10,10,10,10,10,10,10,10,10,10,10,10,10,10,10,10,10,10,10,10,10,10,10,10,10,10,10,10.0001,10.0005,10.0023,10.0084,10.027,10.0747,10.1756,10.3463,10.5687,10.7819,10.9238,10.9715,10.9233,10.6215,10.9233,10.9715,10.9238,10.7819,10.5687,10.3463,10.1756,10.0747,10.027,10.0084,10.0023,10.0005,10.0001,10,10,10,10,10,10,10,10,10,10,10,10,10,10,10,10,10,10,10,10,10,10,10,10,10,10,10,10,10,10,10,10,10,10,10,10,10
10,10,10,10,10,10,10,10,10,10,10,10,10,10,10,10,10,10,10,10,10,10,10,10,10,10,10,10,10,10,10,10,10,10,10,10,10,10,10.0001,10.0007,10.0027,10.0097,10.0305,10.0827,10.1902,10.3671,10.5908,10.7987,10.9315,10.9698,10.912,10.6052,10.912,10.9698,10.9315,10.7987,10.5908,10.3671,10.1902,10.0827,10.0305,10.0097,10.0027,10.0007,10.0001,10,10,10,10,10,10,10,10,10,10,10,10,10,10,10,10,10,10,10,10,10,10,10,10,10,10,10,10,10,10,10,10,10,10,10,10,10
10,10,10,10,10,10,10,10,10,10,10,10,10,10,10,10,10,10,10,10,10,10,10,10,10,10,10,10,10,10,10,10,10,10,10,10,10,10,10.0002,10.0008,10.0032,10.0112,10.0345,10.0913,10.2055,10.3882,10.6126,10.8147,10.9384,10.9672,10.8999,10.5882,10.8999,10.9672,10.9384,10.8147,10.6126,10.3882,10.2055,10.0913,10.0345,10.0112,10.0032,10.0008,10.0002,10,10,10,10,10,10,10,10,10,10,10,10,10,10,10,10,10,10,10,10,10,10,10,10,10,10,10,10,10,10,10,10,10,10,10,10,10
10,10,10,10,10,10,10,10,10,10,10,10,10,10,10,10,10,10,10,10,10,10,10,10,10,10,10,10,10,10,10,10,10,10,10,10,10,10,10.0002,10.001,10.0037,10.0129,10.0388,10.1006,10.2214,10.4096,10.634,10.8298,10.9443,10.9636,10.8868,10.5706,10.8868,10.9636,10.9443,10.8298,10.634,10.4096,10.2214,10.1006,10.0388,10.0129,10.0037,10.001,10.0002,10,10,10,10,10,10,10,10,10,10,10,10,10,10,10,10,10,10,10,10,10,10,10,10,10,10,10,10,10,10,10,10,10,10,10,10,10
10,10,10,10,10,10,10,10,10,10,10,10,10,10,10,10,10,10,10,10,10,10,10,10,10,10,10,10,10,10,10,10,10,10,10,10,10,10.0001,10.0003,10.0011,10.0044,10.0148,10.0436,10.1105,10.238,10.4312,10.655,10.8441,10.9493,10.9591,10.8729,10.5525,10.8729,10.9591,10.9493,10.8441,10.655,10.4312,10.238,10.1105,10.0436,10.0148,10.0044,10.0011,10.0003,10.0001,10,10,10,10,10,10,10,10,10,10,10,10,10,10,10,10,10,10,10,10,10,10,10,10,10,10,10,10,10,10,10,10,10,10,10,10
10,10,10,10,10,10,10,10,10,10,10,10,10,10,10,10,10,10,10,10,10,10,10,10,10,10,10,10,10,10,10,10,10,10,10,10,10,10.0001,10.0003,10.0014,10.0051,10.0169,10.0487,10.1209,10.2551,10.4529,10.6755,10.8574,10.9533,10.9537,10.8581,10.5338,10.8581,10.9537,10.9533,10.8574,10.6755,10.4529,10.2551,10.1209,10.0487,10.0169,10.0051,10.0014,10.0003,10.0001,10,10,10,10,10,10,10,10,10,10,10,10,10,10,10,10,10,10,10,10,10,10,10,10,10,10,10,10,10,10,10,10,10,10,10,10
10,10,10,10,10,10,10,10,10,10,10,10,10,10,10,10,10,10,10,10,10,10,10,10,10,10,10,10,10,10,10,10,10,10,10,10,10,10.0001,10.0004,10.0016,10.0059,10.0193,10.0544,10.1321,10.2728,10.4747,10.6955,10.8699,10.9564,10.9473,10.8425,10.5146,10.8425,10.9473,10.9564,10.8699,10.6955,10.4747,10.2728,10.1321,10.0544,10.0193,10.0059,10.0016,10.0004,10.0001,10,10,10,10,10,10,10,10,10,10,10,10,10,10,10,10,10,10,10,10,10,10,10,10,10,10,10,10,10,10,10,10,10,10,10,10
10,10,10,10,10,10,10,10,10,10,10,10,10,10,10,10,10,10,10,10,10,10,10,10,10,10,10,10,10,10,10,10,10,10,10,10,10,10.0001,10.0005,10.0019,10.0069,10.0219,10.0605,10.1438,10.291,10.4966,10.7148,10.8815,10.9586,10.9399,10.826,10.4949,10.826,10.9399,10.9586,10.8815,10.7148,10.4966,10.291,10.1438,10.0605,10.0219,10.0069,10.0019,10.0005,10.0001,10,10,10,10,10,10,10,10,10,10,10,10,10,10,10,10,10,10,10,10,10,10,10,10,10,10,10,10,10,10,10,10,10,10,10,10
10,10,10,10,10,10,10,10,10,10,10,10,10,10,10,10,10,10,10,10,10,10,10,10,10,10,10,10,10,10,10,10,10,10,10,10,10,10.0001,10.0006,10.0023,10.008,10.0248,10.0671,10.1563,10.3097,10.5184,10.7336,10.8922,10.9598,10.9317,10.8088,10.4747,10.8088,10.9317,10.9598,10.8922,10.7336,10.5184,10.3097,10.1563,10.0671,10.0248,10.008,10.0023,10.0006,10.0001,10,10,10,10,10,10,10,10,10,10,10,10,10,10,10,10,10,10,10,10,10,10,10,10,10,10,10,10,10,10,10,10,10,10,10,10
10,10,10,10,10,10,10,10,10,10,10,10,10,10,10,10,10,10,10,10,10,10,10,10,10,10,10,10,10,10,10,10,10,10,10,10,10,10.0002,10.0007,10.0026,10.0092,10.028,10.0742,10.1693,10.3289,10.5401,10.7516,10.902,10.9601,10.9225,10.7907,10.4541,10.7907,10.9225,10.9601,10.902,10.7516,10.5401,10.3289,10.1693,10.0742,10.028,10.0092,10.0026,10.0007,10.0002,10,10,10,10,10,10,10,10,10,10,10,10,10,10,10,10,10,10,10,10,10,10,10,10,10,10,10,10,10,10,10,10,10,10,10,10
10,10,10,10,10,10,10,10,10,10,10,10,10,10,10,10,10,10,10,10,10,10,10,10,10,10,10,10,10,10,10,10,10,10,10,10,10,10.0002,10.0008,10.0031,10.0105,10.0315,10.0818,10.183,10.3485,10.5617,10.769,10.9108,10.9595,10.9124,10.7718,10.433,10.7718,10.9124,10.9595,10.9108,10.769,10.5617,10.3485,10.183,10.0818,10.0315,10.0105,10.0031,10.0008,10.0002,10,10,10,10,10,10,10,10,10,10,10,10,10,10,10,10,10,10,10,10,10,10,10,10,10,10,10,10,10,10,10,10,10,10,10,10
10,10,10,10,10,10,10,10,10,10,10,10,10,10,10,10,10,10,10,10,10,10,10,10,10,10,10,10,10,10,10,10,10,10,10,10,10.0001,10.0002,10.001,10.0036,10.0121,10.0353,10.09,10.1973,10.3684,10.5831,10.7856,10.9187,10.9579,10.9014,10.7522,10.4114,10.7522,10.9014,10.9579,10.9187,10.7856,10.5831,10.3684,10.1973,10.09,10.0353,10.0121,10.0036,10.001,10.0002,10.0001,10,10,10,10,10,10,10,10,10,10,10,10,10,10,10,10,10,10,10,10,10,10,10,10,10,10,10,10,10,10,10,10,10,10,10
10,10,10,10,10,10,10,10,10,10,10,10,10,10,10,10,10,10,10,10,10,10,10,10,10,10,10,10,10,10,10,10,10,10,10,10,10.0001,10.0003,10.0011,10.0042,10.0138,10.0395,10.0987,10.2122,10.3887,10.6041,10.8014,10.9257,10.9553,10.8896,10.7318,10.3895,10.7318,10.8896,10.9553,10.9257,10.8014,10.6041,10.3887,10.2122,10.0987,10.0395,10.0138,10.0042,10.0011,10.0003,10.0001,10,10,10,10,10,10,10,10,10,10,10,10,10,10,10,10,10,10,10,10,10,10,10,10,10,10,10,10,10,10,10,10,10,10,10
10,10,10,10,10,10,10,10,10,10,10,10,10,10,10,10,10,10,10,10,10,10,10,10,10,10,10,10,10,10,10,10,10,10,10,10,10.0001,10.0003,10.0014,10.0049,10.0157,10.0441,10.108,10.2277,10.4092,10.6249,10.8165,10.9317,10.9519,10.8768,10.7107,10.3672,10.7107,10.8768,10.9519,10.9317,10.8165,10.6249,10.4092,10.2277,10.108,10.0441,10.0157,10.0049,10.0014,10.0003,10.0001,10,10,10,10,10,10,10,10,10,10,10,10,10,10,10,10,10,10,10,10,10,10,10,10,10,10,10,10,10,10,10,10,10,10,10
10,10,10,10,10,10,10,10,10,10,10,10,10,10,10,10,10,10,10,10,10,10,10,10,10,10,10,10,10,10,10,10,10,10,10,10,10.0001,10.0004,10.0016,10.0057,10.0178,10.0491,10.1179,10.2437,10.4299,10.6453,10.8307,10.9368,10.9475,10.8632,10.689,10.3445,10.689,10.8632,10.9475,10.9368,10.8307,10.6453,10.4299,10.2437,10.1179,10.0491,10.0178,10.0057,10.0016,10.0004,10.0001,10,10,10,10,10,10,10,10,10,10,10,10,10,10,10,10,10,10,10,10,10,10,10,10,10,10,10,10,10,10,10,10,10,10,10
10,10,10,10,10,10,10,10,10,10,10,10,10,10,10,10,10,10,10,10,10,10,10,10,10,10,10,10,10,10,10,10,10,10,10,10,10.0001,10.0005,10.0019,10.0065,10.0201,10.0545,10.1284,10.2603,10.4508,10.6652,10.8441,10.9409,10.9422,10.8487,10.6665,10.3215,10.6665,10.8487,10.9422,10.9409,10.8441,10.6652,10.4508,10.2603,10.1284,10.0545,10.0201,10.0065,10.0019,10.0005,10.0001,10,10,10,10,10,10,10,10,10,10,10,10,10,10,10,10,10,10,10,10,10,10,10,10,10,10,10,10,10,10,10,10,10,10,10
10,10,10,10,10,10,10,10,10,10,10,10,10,10,10,10,10,10,10,10,10,10,10,10,10,10,10,10,10,10,10,10,10,10,10,10,10.0001,10.0006,10.0022,10.0075,10.0227,10.0604,10.1395,10.2775,10.4718,10.6847,10.8566,10.9441,10.936,10.8334,10.6434,10.2981,10.6434,10.8334,10.936,10.9441,10.8566,10.6847,10.4718,10.2775,10.1395,10.0604,10.0227,10.0075,10.0022,10.0006,10.0001,10,10,10,10,10,10,10,10,10,10,10,10,10,10,10,10,10,10,10,10,10,10,10,10,10,10,10,10,10,10,10,10,10,10,10
10,10,10,10,10,10,10,10,10,10,10,10,10,10,10,10,10,10,10,10,10,10,10,10,10,10,10,10,10,10,10,10,10,10,10,10,10.0002,10.0007,10.0026,10.0086,10.0256,10.0667,10.1511,10.2951,10.4928,10.7036,10.8682,10.9464,10.9288,10.8172,10.6196,10.2745,10.6196,10.8172,10.9288,10.9464,10.8682,10.7036,10.4928,10.2951,10.1511,10.0667,10.0256,10.0086,10.0026,10.0007,10.0002,10,10,10,10,10,10,10,10,10,10,10,10,10,10,10,10,10,10,10,10,10,10,10,10,10,10,10,10,10,10,10,10,10,10,10
10,10,10,10,10,10,10,10,10,10,10,10,10,10,10,10,10,10,10,10,10,10,10,10,10,10,10,10,10,10,10,10,10,10,10,10,10.0002,10.0008,10.003,10.0099,10.0287,10.0734,10.1634,10.3132,10.5138,10.7219,10.8789,10.9477,10.9208,10.8002,10.5952,10.2506,10.5952,10.8002,10.9208,10.9477,10.8789,10.7219,10.5138,10.3132,10.1634,10.0734,10.0287,10.0099,10.003,10.0008,10.0002,10,10,10,10,10,10,10,10,10,10,10,10,10,10,10,10,10,10,10,10,10,10,10,10,10,10,10,10,10,10,10,10,10,10,10
10,10,10,10,10,10,10,10,10,10,10,10,10,10,10,10,10,10,10,10,10,10,10,10,10,10,10,10,10,10,10,10,10,10,10,10.0001,10.0002,10.001,10.0035,10.0112,10.0321,10.0807,10.1762,10.3316,10.5347,10.7396,10.8888,10.9481,10.9118,10.7825,10.5703,10.2264,10.5703,10.7825,10.9118,10.9481,10.8888,10.7396,10.5347,10.3316,10.1762,10.0807,10.0321,10.0112,10.0035,10.001,10.0002,10.0001,10,10,10,10,10,10,10,10,10,10,10,10,10,10,10,10,10,10,10,10,10,10,10,10,10,10,10,10,10,10,10,10,10,10
10,10,10,10,10,10,10,10,10,10,10,10,10,10,10,10,10,10,10,10,10,10,10,10,10,10,10,10,10,10,10,10,10,10,10,10.0001,10.0003,10.0011,10.004,10.0128,10.0359,10.0884,10.1896,10.3505,10.5555,10.7567,10.8977,10.9476,10.9019,10.764,10.5448,10.202,10.5448,10.764,10.9019,10.9476,10.8977,10.7567,10.5555,10.3505,10.1896,10.0884,10.0359,10.0128,10.004,10.0011,10.0003,10.0001,10,10,10,10,10,10,10,10,10,10,10,10,10,10,10,10,10,10,10,10,10,10,10,10,10,10,10,10,10,10,10,10,10,10
10,10,10,10,10,10,10,10,10,10,10,10,10,10,10,10,10,10,10,10,10,10,10,10,10,10,10,10,10,10,10,10,10,10,10,10.0001,10.0003,10.0013,10.0047,10.0145,10.04,10.0967,10.2036,10.3697,10.5762,10.7731,10.9057,10.9461,10.8912,10.7447,10.5187,10.1774,10.5187,10.7447,10.8912,10.9461,10.9057,10.7731,10.5762,10.3697,10.2036,10.0967,10.04,10.0145,10.0047,10.0013,10.0003,10.0001,10,10,10,10,10,10,10,10,10,10,10,10,10,10,10,10,10,10,10,10,10,10,10,10,10,10,10,10,10,10,10,10,10,10
10,10,10,10,10,10,10,10,10,10,10,10,10,10,10,10,10,10,10,10,10,10,10,10,10,10,10,10,10,10,10,10,10,10,10,10.0001,10.0004,10.0016,10.0054,10.0164,10.0444,10.1055,10.2182,10.3892,10.5965,10.7887,10.9128,10.9437,10.8796,10.7246,10.4922,10.1527,10.4922,10.7246,10.8796,10.9437,10.9128,10.7887,10.5965,10.3892,10.2182,10.1055,10.0444,10.0164,10.0054,10.0016,10.0004,10.0001,10,10,10,10,10,10,10,10,10,10,10,10,10,10,10,10,10,10,10,10,10,10,10,10,10,10,10,10,10,10,10,10,10,10
10,10,10,10,10,10,10,10,10,10,10,10,10,10,10,10,10,10,10,10,10,10,10,10,10,10,10,10,10,10,10,10,10,10,10,10.0001,10.0005,10.0018,10.0062,10.0185,10.0492,10.1149,10.2333,10.409,10.6166,10.8036,10.9189,10.9404,10.8671,10.7039,10.4651,10.1278,10.4651,10.7039,10.8671,10.9404,10.9189,10.8036,10.6166,10.409,10.2333,10.1149,10.0492,10.0185,10.0062,10.0018,10.0005,10.0001,10,10,10,10,10,10,10,10,10,10,10,10,10,10,10,10,10,10,10,10,10,10,10,10,10,10,10,10,10,10,10,10,10,10
10,10,10,10,10,10,10,10,10,10,10,10,10,10,10,10,10,10,10,10,10,10,10,10,10,10,10,10,10,10,10,10,10,10,10,10.0001,10.0006,10.0021,10.0071,10.0208,10.0544,10.1248,10.2489,10.4289,10.6364,10.8177,10.9241,10.9361,10.8537,10.6825,10.4376,10.1027,10.4376,10.6825,10.8537,10.9361,10.9241,10.8177,10.6364,10.4289,10.2489,10.1248,10.0544,10.0208,10.0071,10.0021,10.0006,10.0001,10,10,10,10,10,10,10,10,10,10,10,10,10,10,10,10,10,10,10,10,10,10,10,10,10,10,10,10,10,10,10,10,10,10
10,10,10,10,10,10,10,10,10,10,10,10,10,10,10,10,10,10,10,10,10,10,10,10,10,10,10,10,10,10,10,10,10,10,10,10.0002,10.0007,10.0025,10.0081,10.0234,10.06,10.1352,10.2651,10.449,10.6558,10.831,10.9284,10.931,10.8395,10.6604,10.4097,10.0776,10.4097,10.6604,10.8395,10.931,10.9284,10.831,10.6558,10.449,10.2651,10.1352,10.06,10.0234,10.0081,10.0025,10.0007,10.0002,10,10,10,10,10,10,10,10,10,10,10,10,10,10,10,10,10,10,10,10,10,10,10,10,10,10,10,10,10,10,10,10,10,10
10,10,10,10,10,10,10,10,10,10,10,10,10,10,10,10,10,10,10,10,10,10,10,10,10,10,10,10,10,10,10,10,10,10,10,10.0002,10.0008,10.0029,10.0092,10.0262,10.066,10.1462,10.2817,10.4692,10.6747,10.8434,10.9317,10.9249,10.8245,10.6376,10.3813,10.0524,10.3813,10.6376,10.8245,10.9249,10.9317,10.8434,10.6747,10.4692,10.2817,10.1462,10.066,10.0262,10.0092,10.0029,10.0008,10.0002,10,10,10,10,10,10,10,10,10,10,10,10,10,10,10,10,10,10,10,10,10,10,10,10,10,10,10,10,10,10,10,10,10,10
10,10,10,10,10,10,10,10,10,10,10,10,10,10,10,10,10,10,10,10,10,10,10,10,10,10,10,10,10,10,10,10,10,10,10.0001,10.0002,10.001,10.0033,10.0104,10.0292,10.0725,10.1578,10.2988,10.4895,10.6931,10.8551,10.9341,10.9179,10.8087,10.6142,10.3526,10.0271,10.3526,10.6142,10.8087,10.9179,10.9341,10.8551,10.6931,10.4895,10.2988,10.1578,10.0725,10.0292,10.0104,10.0033,10.001,10.0002,10.0001,10,10,10,10,10,10,10,10,10,10,10,10,10,10,10,10,10,10,10,10,10,10,10,10,10,10,10,10,10,10,10,10,10
10,10,10,10,10,10,10,10,10,10,10,10,10,10,10,10,10,10,10,10,10,10,10,10,10,10,10,10,10,10,10,10,10,10,10.0001,10.0003,10.0011,10.0038,10.0118,10.0326,10.0794,10.1699,10.3162,10.5097,10.711,10.8658,10.9356,10.91,10.792,10.5902,10.3236,10.0019,10.3236,10.5902,10.792,10.91,10.9356,10.8658,10.711,10.5097,10.3162,10.1699,10.0794,10.0326,10.0118,10.0038,10.0011,10.0003,10.0001,10,10,10,10,10,10,10,10,10,10,10,10,10,10,10,10,10,10,10,10,10,10,10,10,10,10,10,10,10,10,10,10,10
10,10,10,10,10,10,10,10,10,10,10,10,10,10,10,10,10,10,10,10,10,10,10,10,10,10,10,10,10,10,10,10,10,10,10.0001,10.0004,10.0013,10.0044,10.0134,10.0362,10.0868,10.1825,10.3341,10.5299,10.7284,10.8757,10.9361,10.9013,10.7746,10.5656,10.2942,9.97656,10.2942,10.5656,10.7746,10.9013,10.9361,10.8757,10.7284,10.5299,10.3341,10.1825,10.0868,10.0362,10.0134,10.0044,10.0013,10.0004,10.0001,10,10,10,10,10,10,10,10,10,10,10,10,10,10,10,10,10,10,10,10,10,10,10,10,10,10,10,10,10,10,10,10,10
10,10,10,10,10,10,10,10,10,10,10,10,10,10,10,10,10,10,10,10,10,10,10,10,10,10,10,10,10,10,10,10,10,10,10.0001,10.0004,10.0015,10.0051,10.0151,10.0402,10.0947,10.1957,10.3524,10.55,10.7451,10.8846,10.9357,10.8916,10.7564,10.5405,10.2645,9.9513,10.2645,10.5405,10.7564,10.8916,10.9357,10.8846,10.7451,10.55,10.3524,10.1957,10.0947,10.0402,10.0151,10.0051,10.0015,10.0004,10.0001,10,10,10,10,10,10,10,10,10,10,10,10,10,10,10,10,10,10,10,10,10,10,10,10,10,10,10,10,10,10,10,10,10
10,10,10,10,10,10,10,10,10,10,10,10,10,10,10,10,10,10,10,10,10,10,10,10,10,10,10,10,10,10,10,10,10,10,10.0001,10.0005,10.0018,10.0058,10.017,10.0445,10.103,10.2094,10.3709,10.5699,10.7611,10.8927,10.9344,10.8811,10.7375,10.5148,10.2346,9.92608,10.2346,10.5148,10.7375,10.8811,10.9344,10.8927,10.7611,10.5699,10.3709,10.2094,10.103,10.0445,10.017,10.0058,10.0018,10.0005,10.0001,10,10,10,10,10,10,10,10,10,10,10,10,10,10,10,10,10,10,10,10,10,10,10,10,10,10,10,10,10,10,10,10,10
10,10,10,10,10,10,10,10,10,10,10,10,10,10,10,10,10,10,10,10,10,10,10,10,10,10,10,10,10,10,10,10,10,10,10.0001,10.0006,10.0021,10.0066,10.0191,10.0491,10.1119,10.2237,10.3897,10.5896,10.7765,10.8999,10.9322,10.8697,10.7178,10.4887,10.2044,9.90093,10.2044,10.4887,10.7178,10.8697,10.9322,10.8999,10.7765,10.5896,10.3897,10.2237,10.1119,10.0491,10.0191,10.0066,10.0021,10.0006,10.0001,10,10,10,10,10,10,10,10,10,10,10,10,10,10,10,10,10,10,10,10,10,10,10,10,10,10,10,10,10,10,10,10,10
10,10,10,10,10,10,10,10,10,10,10,10,10,10,10,10,10,10,10,10,10,10,10,10,10,10,10,10,10,10,10,10,10,10,10.0002,10.0007,10.0024,10.0075,10.0214,10.0541,10.1212,10.2384,10.4088,10.6091,10.7912,10.9061,10.929,10.8575,10.6974,10.462,10.174,9.87588,10.174,10.462,10.6974,10.8575,10.929,10.9061,10.7912,10.6091,10.4088,10.2384,10.1212,10.0541,10.0214,10.0075,10.0024,10.0007,10.0002,10,10,10,10,10,10,10,10,10,10,10,10,10,10,10,10,10,10,10,10,10,10,10,10,10,10,10,10,10,10,10,10,10
10,10,10,10,10,10,10,10,10,10,10,10,10,10,10,10,10,10,10,10,10,10,10,10,10,10,10,10,10,10,10,10,10,10.0001,10.0002,10.0008,10.0028,10.0085,10.0239,10.0595,10.1311,10.2537,10.428,10.6282,10.8051,10.9115,10.9249,10.8444,10.6764,10.4349,10.1435,9.85096,10.1435,10.4349,10.6764,10.8444,10.9249,10.9115,10.8051,10.6282,10.428,10.2537,10.1311,10.0595,10.0239,10.0085,10.0028,10.0008,10.0002,10.0001,10,10,10,10,10,10,10,10,10,10,10,10,10,10,10,10,10,10,10,10,10,10,10,10,10,10,10,10,10,10,10,10
10,10,10,10,10,10,10,10,10,10,10,10,10,10,10,10,10,10,10,10,10,10,10,10,10,10,10,10,10,10,10,10,10,10.0001,10.0003,10.0009,10.0032,10.0097,10.0266,10.0653,10.1415,10.2694,10.4474,10.647,10.8183,10.9159,10.9199,10.8305,10.6546,10.4074,10.1128,9.82618,10.1128,10.4074,10.6546,10.8305,10.9199,10.9159,10.8183,10.647,10.4474,10.2694,10.1415,10.0653,10.0266,10.0097,10.0032,10.0009,10.0003,10.0001,10,10,10,10,10,10,10,10,10,10,10,10,10,10,10,10,10,10,10,10,10,10,10,10,10,10,10,10,10,10,10,10
10,10,10,10,10,10,10,10,10,10,10,10,10,10,10,10,10,10,10,10,10,10,10,10,10,10,10,10,10,10,10,10,10,10.0001,10.0003,10.0011,10.0036,10.0109,10.0296,10.0714,10.1524,10.2855,10.4669,10.6654,10.8306,10.9193,10.914,10.8157,10.6322,10.3794,10.082,9.80157,10.082,10.3794,10.6322,10.8157,10.914,10.9193,10.8306,10.6654,10.4669,10.2855,10.1524,10.0714,10.0296,10.0109,10.0036,10.0011,10.0003,10.0001,10,10,10,10,10,10,10,10,10,10,10,10,10,10,10,10,10,10,10,10,10,10,10,10,10,10,10,10,10,10,10,10
10,10,10,10,10,10,10,10,10,10,10,10,10,10,10,10,10,10,10,10,10,10,10,10,10,10,10,10,10,10,10,10,10,10.0001,10.0004,10.0013,10.0042,10.0123,10.0329,10.078,10.1639,10.3021,10.4864,10.6834,10.8422,10.9219,10.9072,10.8002,10.6092,10.3511,10.0511,9.77716,10.0511,10.3511,10.6092,10.8002,10.9072,10.9219,10.8422,10.6834,10.4864,10.3021,10.1639,10.078,10.0329,10.0123,10.0042,10.0013,10.0004,10.0001,10,10,10,10,10,10,10,10,10,10,10,10,10,10,10,10,10,10,10,10,10,10,10,10,10,10,10,10,10,10,10,10
10,10,10,10,10,10,10,10,10,10,10,10,10,10,10,10,10,10,10,10,10,10,10,10,10,10,10,10,10,10,10,10,10,10.0001,10.0004,10.0015,10.0048,10.0139,10.0364,10.0851,10.1758,10.319,10.506,10.7008,10.8529,10.9235,10.8995,10.7839,10.5856,10.3225,10.0202,9.75297,10.0202,10.3225,10.5856,10.7839,10.8995,10.9235,10.8529,10.7008,10.506,10.319,10.1758,10.0851,10.0364,10.0139,10.0048,10.0015,10.0004,10.0001,10,10,10,10,10,10,10,10,10,10,10,10,10,10,10,10,10,10,10,10,10,10,10,10,10,10,10,10,10,10,10,10
10,10,10,10,10,10,10,10,10,10,10,10,10,10,10,10,10,10,10,10,10,10,10,10,10,10,10,10,10,10,10,10,10,10.0001,10.0005,10.0017,10.0054,10.0156,10.0402,10.0926,10.1883,10.3364,10.5255,10.7177,10.8628,10.9242,10.8909,10.7667,10.5614,10.2935,9.98926,9.72902,9.98926,10.2935,10.5614,10.7667,10.8909,10.9242,10.8628,10.7177,10.5255,10.3364,10.1883,10.0926,10.0402,10.0156,10.0054,10.0017,10.0005,10.0001,10,10,10,10,10,10,10,10,10,10,10,10,10,10,10,10,10,10,10,10,10,10,10,10,10,10,10,10,10,10,10,10
10,10,10,10,10,10,10,10,10,10,10,10,10,10,10,10,10,10,10,10,10,10,10,10,10,10,10,10,10,10,10,10,10,10.0002,10.0006,10.002,10.0062,10.0175,10.0444,10.1005,10.2012,10.354,10.5449,10.7341,10.8718,10.9239,10.8815,10.7489,10.5367,10.2642,9.95832,9.70534,9.95832,10.2642,10.5367,10.7489,10.8815,10.9239,10.8718,10.7341,10.5449,10.354,10.2012,10.1005,10.0444,10.0175,10.0062,10.002,10.0006,10.0002,10,10,10,10,10,10,10,10,10,10,10,10,10,10,10,10,10,10,10,10,10,10,10,10,10,10,10,10,10,10,10,10
10,10,10,10,10,10,10,10,10,10,10,10,10,10,10,10,10,10,10,10,10,10,10,10,10,10,10,10,10,10,10,10,10,10.0002,10.0007,10.0023,10.007,10.0195,10.0489,10.1089,10.2147,10.372,10.5642,10.7498,10.8799,10.9227,10.8712,10.7303,10.5114,10.2347,9.92743,9.68195,9.92743,10.2347,10.5114,10.7303,10.8712,10.9227,10.8799,10.7498,10.5642,10.372,10.2147,10.1089,10.0489,10.0195,10.007,10.0023,10.0007,10.0002,10,10,10,10,10,10,10,10,10,10,10,10,10,10,10,10,10,10,10,10,10,10,10,10,10,10,10,10,10,10,10,10
10,10,10,10,10,10,10,10,10,10,10,10,10,10,10,10,10,10,10,10,10,10,10,10,10,10,10,10,10,10,10,10,10.0001,10.0002,10.0008,10.0026,10.0079,10.0218,10.0537,10.1178,10.2287,10.3902,10.5833,10.7649,10.8871,10.9207,10.86,10.711,10.4856,10.2049,9.8966,9.65887,9.8966,10.2049,10.4856,10.711,10.86,10.9207,10.8871,10.7649,10.5833,10.3902,10.2287,10.1178,10.0537,10.0218,10.0079,10.0026,10.0008,10.0002,10.0001,10,10,10,10,10,10,10,10,10,10,10,10,10,10,10,10,10,10,10,10,10,10,10,10,10,10,10,10,10,10,10
10,10,10,10,10,10,10,10,10,10,10,10,10,10,10,10,10,10,10,10,10,10,10,10,10,10,10,10,10,10,10,10,10.0001,10.0003,10.0009,10.003,10.009,10.0242,10.0588,10.1271,10.2431,10.4086,10.6021,10.7793,10.8934,10.9176,10.848,10.6909,10.4593,10.175,9.86588,9.63613,9.86588,10.175,10.4593,10.6909,10.848,10.9176,10.8934,10.7793,10.6021,10.4086,10.2431,10.1271,10.0588,10.0242,10.009,10.003,10.0009,10.0003,10.0001,10,10,10,10,10,10,10,10,10,10,10,10,10,10,10,10,10,10,10,10,10,10,10,10,10,10,10,10,10,10,10
10,10,10,10,10,10,10,10,10,10,10,10,10,10,10,10,10,10,10,10,10,10,10,10,10,10,10,10,10,10,10,10,10.0001,10.0003,10.0011,10.0034,10.0101,10.0269,10.0644,10.137,10.2579,10.4272,10.6207,10.7931,10.8988,10.9137,10.8352,10.6702,10.4326,10.1448,9.83529,9.61375,9.83529,10.1448,10.4326,10.6702,10.8352,10.9137,10.8988,10.7931,10.6207,10.4272,10.2579,10.137,10.0644,10.0269,10.0101,10.0034,10.0011,10.0003,10.0001,10,10,10,10,10,10,10,10,10,10,10,10,10,10,10,10,10,10,10,10,10,10,10,10,10,10,10,10,10,10,10
10,10,10,10,10,10,10,10,10,10,10,10,10,10,10,10,10,10,10,10,10,10,10,10,10,10,10,10,10,10,10,10,10.0001,10.0004,10.0012,10.0039,10.0114,10.0299,10.0703,10.1473,10.2733,10.4459,10.6389,10.806,10.9033,10.9089,10.8215,10.6488,10.4055,10.1146,9.80486,9.59176,9.80486,10.1146,10.4055,10.6488,10.8215,10.9089,10.9033,10.806,10.6389,10.4459,10.2733,10.1473,10.0703,10.0299,10.0114,10.0039,10.0012,10.0004,10.0001,10,10,10,10,10,10,10,10,10,10,10,10,10,10,10,10,10,10,10,10,10,10,10,10,10,10,10,10,10,10,10
10,10,10,10,10,10,10,10,10,10,10,10,10,10,10,10,10,10,10,10,10,10,10,10,10,10,10,10,10,10,10,10,10.0001,10.0004,10.0014,10.0045,10.0128,10.033,10.0766,10.1582,10.289,10.4648,10.6568,10.8183,10.9069,10.9032,10.8071,10.6268,10.3779,10.0842,9.77462,9.57016,9.77462,10.0842,10.3779,10.6268,10.8071,10.9032,10.9069,10.8183,10.6568,10.4648,10.289,10.1582,10.0766,10.033,10.0128,10.0045,10.0014,10.0004,10.0001,10,10,10,10,10,10,10,10,10,10,10,10,10,10,10,10,10,10,10,10,10,10,10,10,10,10,10,10,10,10,10
10,10,10,10,10,10,10,10,10,10,10,10,10,10,10,10,10,10,10,10,10,10,10,10,10,10,10,10,10,10,10,10,10.0001,10.0005,10.0016,10.0051,10.0143,10.0365,10.0833,10.1695,10.3051,10.4837,10.6742,10.8297,10.9096,10.8966,10.7918,10.6042,10.35,10.0537,9.74461,9.54899,9.74461,10.0537,10.35,10.6042,10.7918,10.8966,10.9096,10.8297,10.6742,10.4837,10.3051,10.1695,10.0833,10.0365,10.0143,10.0051,10.0016,10.0005,10.0001,10,10,10,10,10,10,10,10,10,10,10,10,10,10,10,10,10,10,10,10,10,10,10,10,10,10,10,10,10,10,10
10,10,10,10,10,10,10,10,10,10,10,10,10,10,10,10,10,10,10,10,10,10,10,10,10,10,10,10,10,10,10,10,10.0002,10.0006,10.0019,10.0058,10.016,10.0402,10.0904,10.1813,10.3216,10.5026,10.6912,10.8403,10.9113,10.8891,10.7758,10.5809,10.3218,10.0232,9.71485,9.52826,9.71485,10.0232,10.3218,10.5809,10.7758,10.8891,10.9113,10.8403,10.6912,10.5026,10.3216,10.1813,10.0904,10.0402,10.016,10.0058,10.0019,10.0006,10.0002,10,10,10,10,10,10,10,10,10,10,10,10,10,10,10,10,10,10,10,10,10,10,10,10,10,10,10,10,10,10,10
10,10,10,10,10,10,10,10,10,10,10,10,10,10,10,10,10,10,10,10,10,10,10,10,10,10,10,10,10,10,10,10,10.0002,10.0007,10.0022,10.0065,10.0179,10.0442,10.098,10.1936,10.3384,10.5214,10.7077,10.8501,10.9122,10.8807,10.759,10.5571,10.2932,9.99264,9.68537,9.508,9.68537,9.99264,10.2932,10.5571,10.759,10.8807,10.9122,10.8501,10.7077,10.5214,10.3384,10.1936,10.098,10.0442,10.0179,10.0065,10.0022,10.0007,10.0002,10,10,10,10,10,10,10,10,10,10,10,10,10,10,10,10,10,10,10,10,10,10,10,10,10,10,10,10,10,10,10
10,10,10,10,10,10,10,10,10,10,10,10,10,10,10,10,10,10,10,10,10,10,10,10,10,10,10,10,10,10,10,10.0001,10.0002,10.0008,10.0025,10.0074,10.0199,10.0485,10.106,10.2063,10.3555,10.5402,10.7237,10.8591,10.9121,10.8715,10.7414,10.5328,10.2643,9.96209,9.6562,9.48822,9.6562,9.96209,10.2643,10.5328,10.7414,10.8715,10.9121,10.8591,10.7237,10.5402,10.3555,10.2063,10.106,10.0485,10.0199,10.0074,10.0025,10.0008,10.0002,10.0001,10,10,10,10,10,10,10,10,10,10,10,10,10,10,10,10,10,10,10,10,10,10,10,10,10,10,10,10,10,10
10,10,10,10,10,10,10,10,10,10,10,10,10,10,10,10,10,10,10,10,10,10,10,10,10,10,10,10,10,10,10,10.0001,10.0003,10.0009,10.0028,10.0083,10.0221,10.0531,10.1144,10.2195,10.3729,10.5589,10.7391,10.8672,10.9111,10.8614,10.7232,10.5079,10.2352,9.93159,9.62737,9.46895,9.62737,9.93159,10.2352,10.5079,10.7232,10.8614,10.9111,10.8672,10.7391,10.5589,10.3729,10.2195,10.1144,10.0531,10.0221,10.0083,10.0028,10.0009,10.0003,10.0001,10,10,10,10,10,10,10,10,10,10,10,10,10,10,10,10,10,10,10,10,10,10,10,10,10,10,10,10,10,10
10,10,10,10,10,10,10,10,10,10,10,10,10,10,10,10,10,10,10,10,10,10,10,10,10,10,10,10,10,10,10,10.0001,10.0003,10.001,10.0032,10.0093,10.0245,10.0581,10.1233,10.2332,10.3906,10.5774,10.7539,10.8745,10.9092,10.8505,10.7042,10.4825,10.2059,9.90115,9.59891,9.45021,9.59891,9.90115,10.2059,10.4825,10.7042,10.8505,10.9092,10.8745,10.7539,10.5774,10.3906,10.2332,10.1233,10.0581,10.0245,10.0093,10.0032,10.001,10.0003,10.0001,10,10,10,10,10,10,10,10,10,10,10,10,10,10,10,10,10,10,10,10,10,10,10,10,10,10,10,10,10,10
10,10,10,10,10,10,10,10,10,10,10,10,10,10,10,10,10,10,10,10,10,10,10,10,10,10,10,10,10,10,10,10.0001,10.0003,10.0012,10.0037,10.0105,10.0271,10.0634,10.1327,10.2473,10.4084,10.5956,10.768,10.8808,10.9063,10.8387,10.6845,10.4566,10.1763,9.87081,9.57085,9.432,9.57085,9.87081,10.1763,10.4566,10.6845,10.8387,10.9063,10.8808,10.768,10.5956,10.4084,10.2473,10.1327,10.0634,10.0271,10.0105,10.0037,10.0012,10.0003,10.0001,10,10,10,10,10,10,10,10,10,10,10,10,10,10,10,10,10,10,10,10,10,10,10,10,10,10,10,10,10,10
10,10,10,10,10,10,10,10,10,10,10,10,10,10,10,10,10,10,10,10,10,10,10,10,10,10,10,10,10,10,10,10.0001,10.0004,10.0014,10.0042,10.0117,10.03,10.069,10.1425,10.2619,10.4264,10.6136,10.7815,10.8863,10.9026,10.8261,10.6641,10.4303,10.1466,9.8406,9.5432,9.41436,9.5432,9.8406,10.1466,10.4303,10.6641,10.8261,10.9026,10.8863,10.7815,10.6136,10.4264,10.2619,10.1425,10.069,10.03,10.0117,10.0042,10.0014,10.0004,10.0001,10,10,10,10,10,10,10,10,10,10,10,10,10,10,10,10,10,10,10,10,10,10,10,10,10,10,10,10,10,10
10,10,10,10,10,10,10,10,10,10,10,10,10,10,10,10,10,10,10,10,10,10,10,10,10,10,10,10,10,10,10,10.0001,10.0005,10.0016,10.0047,10.0131,10.0331,10.0751,10.1527,10.2768,10.4446,10.6313,10.7943,10.8909,10.898,10.8128,10.6431,10.4036,10.1167,9.81054,9.51601,9.39729,9.51601,9.81054,10.1167,10.4036,10.6431,10.8128,10.898,10.8909,10.7943,10.6313,10.4446,10.2768,10.1527,10.0751,10.0331,10.0131,10.0047,10.0016,10.0005,10.0001,10,10,10,10,10,10,10,10,10,10,10,10,10,10,10,10,10,10,10,10,10,10,10,10,10,10,10,10,10,10
10,10,10,10,10,10,10,10,10,10,10,10,10,10,10,10,10,10,10,10,10,10,10,10,10,10,10,10,10,10,10,10.0002,10.0005,10.0018,10.0053,10.0146,10.0364,10.0815,10.1635,10.2921,10.4628,10.6487,10.8063,10.8946,10.8925,10.7986,10.6214,10.3764,10.0867,9.78068,9.4893,9.38082,9.4893,9.78068,10.0867,10.3764,10.6214,10.7986,10.8925,10.8946,10.8063,10.6487,10.4628,10.2921,10.1635,10.0815,10.0364,10.0146,10.0053,10.0018,10.0005,10.0002,10,10,10,10,10,10,10,10,10,10,10,10,10,10,10,10,10,10,10,10,10,10,10,10,10,10,10,10,10,10
10,10,10,10,10,10,10,10,10,10,10,10,10,10,10,10,10,10,10,10,10,10,10,10,10,10,10,10,10,10,10,10.0002,10.0006,10.002,10.006,10.0163,10.04,10.0883,10.1747,10.3078,10.4811,10.6657,10.8176,10.8974,10.8861,10.7836,10.5992,10.3489,10.0566,9.75102,9.46309,9.36496,9.46309,9.75102,10.0566,10.3489,10.5992,10.7836,10.8861,10.8974,10.8176,10.6657,10.4811,10.3078,10.1747,10.0883,10.04,10.0163,10.006,10.002,10.0006,10.0002,10,10,10,10,10,10,10,10,10,10,10,10,10,10,10,10,10,10,10,10,10,10,10,10,10,10,10,10,10,10
10,10,10,10,10,10,10,10,10,10,10,10,10,10,10,10,10,10,10,10,10,10,10,10,10,10,10,10,10,10,10.0001,10.0002,10.0007,10.0023,10.0068,10.0181,10.0438,10.0955,10.1863,10.3239,10.4994,10.6822,10.8281,10.8993,10.8788,10.7678,10.5763,10.3211,10.0265,9.72162,9.43741,9.34973,9.43741,9.72162,10.0265,10.3211,10.5763,10.7678,10.8788,10.8993,10.8281,10.6822,10.4994,10.3239,10.1863,10.0955,10.0438,10.0181,10.0068,10.0023,10.0007,10.0002,10.0001,10,10,10,10,10,10,10,10,10,10,10,10,10,10,10,10,10,10,10,10,10,10,10,10,10,10,10,10,10
10,10,10,10,10,10,10,10,10,10,10,10,10,10,10,10,10,10,10,10,10,10,10,10,10,10,10,10,10,10,10.0001,10.0002,10.0008,10.0027,10.0077,10.0201,10.048,10.1031,10.1984,10.3402,10.5176,10.6983,10.8378,10.9002,10.8706,10.7513,10.5529,10.2929,9.99636,9.69248,9.41229,9.33514,9.41229,9.69248,9.99636,10.2929,10.5529,10.7513,10.8706,10.9002,10.8378,10.6983,10.5176,10.3402,10.1984,10.1031,10.048,10.0201,10.0077,10.0027,10.0008,10.0002,10.0001,10,10,10,10,10,10,10,10,10,10,10,10,10,10,10,10,10,10,10,10,10,10,10,10,10,10,10,10,10
10,10,10,10,10,10,10,10,10,10,10,10,10,10,10,10,10,10,10,10,10,10,10,10,10,10,10,10,10,10,10.0001,10.0003,10.001,10.003,10.0086,10.0223,10.0524,10.1111,10.211,10.3569,10.5358,10.7139,10.8467,10.9003,10.8616,10.7341,10.5289,10.2644,9.96621,9.66366,9.38774,9.32121,9.38774,9.66366,9.96621,10.2644,10.5289,10.7341,10.8616,10.9003,10.8467,10.7139,10.5358,10.3569,10.211,10.1111,10.0524,10.0223,10.0086,10.003,10.001,10.0003,10.0001,10,10,10,10,10,10,10,10,10,10,10,10,10,10,10,10,10,10,10,10,10,10,10,10,10,10,10,10,10
10,10,10,10,10,10,10,10,10,10,10,10,10,10,10,10,10,10,10,10,10,10,10,10,10,10,10,10,10,10,10.0001,10.0003,10.0011,10.0034,10.0096,10.0247,10.0572,10.1196,10.224,10.3738,10.5539,10.7289,10.8548,10.8995,10.8518,10.7161,10.5044,10.2357,9.93609,9.63516,9.3638,9.30794,9.3638,9.63516,9.93609,10.2357,10.5044,10.7161,10.8518,10.8995,10.8548,10.7289,10.5539,10.3738,10.224,10.1196,10.0572,10.0247,10.0096,10.0034,10.0011,10.0003,10.0001,10,10,10,10,10,10,10,10,10,10,10,10,10,10,10,10,10,10,10,10,10,10,10,10,10,10,10,10,10
10,10,10,10,10,10,10,10,10,10,10,10,10,10,10,10,10,10,10,10,10,10,10,10,10,10,10,10,10,10,10.0001,10.0004,10.0013,10.0039,10.0108,10.0272,10.0623,10.1285,10.2374,10.3909,10.5718,10.7433,10.8621,10.8977,10.8411,10.6974,10.4794,10.2067,9.90603,9.60702,9.34049,9.29536,9.34049,9.60702,9.90603,10.2067,10.4794,10.6974,10.8411,10.8977,10.8621,10.7433,10.5718,10.3909,10.2374,10.1285,10.0623,10.0272,10.0108,10.0039,10.0013,10.0004,10.0001,10,10,10,10,10,10,10,10,10,10,10,10,10,10,10,10,10,10,10,10,10,10,10,10,10,10,10,10,10
10,10,10,10,10,10,10,10,10,10,10,10,10,10,10,10,10,10,10,10,10,10,10,10,10,10,10,10,10,10,10.0001,10.0005,10.0015,10.0044,10.012,10.03,10.0677,10.1378,10.2512,10.4082,10.5895,10.7572,10.8685,10.8951,10.8295,10.6781,10.4539,10.1776,9.87606,9.57927,9.31783,9.28347,9.31783,9.57927,9.87606,10.1776,10.4539,10.6781,10.8295,10.8951,10.8685,10.7572,10.5895,10.4082,10.2512,10.1378,10.0677,10.03,10.012,10.0044,10.0015,10.0005,10.0001,10,10,10,10,10,10,10,10,10,10,10,10,10,10,10,10,10,10,10,10,10,10,10,10,10,10,10,10,10
10,10,10,10,10,10,10,10,10,10,10,10,10,10,10,10,10,10,10,10,10,10,10,10,10,10,10,10,10,10,10.0002,10.0005,10.0017,10.005,10.0134,10.033,10.0735,10.1476,10.2654,10.4257,10.607,10.7704,10.874,10.8915,10.8172,10.658,10.428,10.1483,9.84622,9.55194,9.29584,9.27229,9.29584,9.55194,9.84622,10.1483,10.428,10.658,10.8172,10.8915,10.874,10.7704,10.607,10.4257,10.2654,10.1476,10.0735,10.033,10.0134,10.005,10.0017,10.0005,10.0002,10,10,10,10,10,10,10,10,10,10,10,10,10,10,10,10,10,10,10,10,10,10,10,10,10,10,10,10,10
10,10,10,10,10,10,10,10,10,10,10,10,10,10,10,10,10,10,10,10,10,10,10,10,10,10,10,10,10,10,10.0002,10.0006,10.0019,10.0056,10.0149,10.0362,10.0796,10.1578,10.28,10.4432,10.6242,10.7829,10.8786,10.8871,10.8041,10.6374,10.4016,10.1188,9.81653,9.52505,9.27455,9.26183,9.27455,9.52505,9.81653,10.1188,10.4016,10.6374,10.8041,10.8871,10.8786,10.7829,10.6242,10.4432,10.28,10.1578,10.0796,10.0362,10.0149,10.0056,10.0019,10.0006,10.0002,10,10,10,10,10,10,10,10,10,10,10,10,10,10,10,10,10,10,10,10,10,10,10,10,10,10,10,10,10
10,10,10,10,10,10,10,10,10,10,10,10,10,10,10,10,10,10,10,10,10,10,10,10,10,10,10,10,10,10.0001,10.0002,10.0007,10.0022,10.0063,10.0166,10.0397,10.0862,10.1684,10.295,10.4609,10.6411,10.7948,10.8824,10.8818,10.7901,10.6161,10.3749,10.0892,9.78702,9.49863,9.25397,9.2521,9.25397,9.49863,9.78702,10.0892,10.3749,10.6161,10.7901,10.8818,10.8824,10.7948,10.6411,10.4609,10.295,10.1684,10.0862,10.0397,10.0166,10.0063,10.0022,10.0007,10.0002,10.0001,10,10,10,10,10,10,10,10,10,10,10,10,10,10,10,10,10,10,10,10,10,10,10,10,10,10,10,10
10,10,10,10,10,10,10,10,10,10,10,10,10,10,10,10,10,10,10,10,10,10,10,10,10,10,10,10,10,10.0001,10.0002,10.0008,10.0025,10.0071,10.0184,10.0434,10.093,10.1795,10.3103,10.4786,10.6576,10.8059,10.8853,10.8756,10.7754,10.5941,10.3477,10.0595,9.75772,9.4727,9.23413,9.2431,9.23413,9.4727,9.75772,10.0595,10.3477,10.5941,10.7754,10.8756,10.8853,10.8059,10.6576,10.4786,10.3103,10.1795,10.093,10.0434,10.0184,10.0071,10.0025,10.0008,10.0002,10.0001,10,10,10,10,10,10,10,10,10,10,10,10,10,10,10,10,10,10,10,10,10,10,10,10,10,10,10,10
10,10,10,10,10,10,10,10,10,10,10,10,10,10,10,10,10,10,10,10,10,10,10,10,10,10,10,10,10,10.0001,10.0003,10.0009,10.0028,10.0079,10.0203,10.0474,10.1003,10.191,10.3259,10.4964,10.6737,10.8163,10.8873,10.8685,10.76,10.5716,10.3203,10.0298,9.72866,9.44729,9.21505,9.23485,9.21505,9.44729,9.72866,10.0298,10.3203,10.5716,10.76,10.8685,10.8873,10.8163,10.6737,10.4964,10.3259,10.191,10.1003,10.0474,10.0203,10.0079,10.0028,10.0009,10.0003,10.0001,10,10,10,10,10,10,10,10,10,10,10,10,10,10,10,10,10,10,10,10,10,10,10,10,10,10,10,10
10,10,10,10,10,10,10,10,10,10,10,10,10,10,10,10,10,10,10,10,10,10,10,10,10,10,10,10,10,10.0001,10.0003,10.0011,10.0032,10.0089,10.0224,10.0517,10.108,10.203,10.3419,10.5141,10.6893,10.8259,10.8884,10.8606,10.7437,10.5486,10.2925,9.99998,9.69987,9.42243,9.19674,9.22736,9.19674,9.42243,9.69987,9.99998,10.2925,10.5486,10.7437,10.8606,10.8884,10.8259,10.6893,10.5141,10.3419,10.203,10.108,10.0517,10.0224,10.0089,10.0032,10.0011,10.0003,10.0001,10,10,10,10,10,10,10,10,10,10,10,10,10,10,10,10,10,10,10,10,10,10,10,10,10,10,10,10
10,10,10,10,10,10,10,10,10,10,10,10,10,10,10,10,10,10,10,10,10,10,10,10,10,10,10,10,10,10.0001,10.0004,10.0012,10.0036,10.0099,10.0247,10.0563,10.116,10.2153,10.358,10.5317,10.7045,10.8347,10.8886,10.8518,10.7268,10.525,10.2644,9.97021,9.67137,9.39814,9.17922,9.22063,9.17922,9.39814,9.67137,9.97021,10.2644,10.525,10.7268,10.8518,10.8886,10.8347,10.7045,10.5317,10.358,10.2153,10.116,10.0563,10.0247,10.0099,10.0036,10.0012,10.0004,10.0001,10,10,10,10,10,10,10,10,10,10,10,10,10,10,10,10,10,10,10,10,10,10,10,10,10,10,10,10
10,10,10,10,10,10,10,10,10,10,10,10,10,10,10,10,10,10,10,10,10,10,10,10,10,10,10,10,10,10.0001,10.0004,10.0014,10.0041,10.011,10.0272,10.0612,10.1245,10.2281,10.3745,10.5492,10.7192,10.8427,10.8879,10.8422,10.7091,10.5008,10.2361,9.94047,9.6432,9.37444,9.16251,9.21467,9.16251,9.37444,9.6432,9.94047,10.2361,10.5008,10.7091,10.8422,10.8879,10.8427,10.7192,10.5492,10.3745,10.2281,10.1245,10.0612,10.0272,10.011,10.0041,10.0014,10.0004,10.0001,10,10,10,10,10,10,10,10,10,10,10,10,10,10,10,10,10,10,10,10,10,10,10,10,10,10,10,10
10,10,10,10,10,10,10,10,10,10,10,10,10,10,10,10,10,10,10,10,10,10,10,10,10,10,10,10,10,10.0001,10.0005,10.0016,10.0046,10.0123,10.0299,10.0664,10.1334,10.2412,10.3911,10.5666,10.7333,10.85,10.8863,10.8317,10.6908,10.4762,10.2076,9.91079,9.61538,9.35136,9.14663,9.20948,9.14663,9.35136,9.61538,9.91079,10.2076,10.4762,10.6908,10.8317,10.8863,10.85,10.7333,10.5666,10.3911,10.2412,10.1334,10.0664,10.0299,10.0123,10.0046,10.0016,10.0005,10.0001,10,10,10,10,10,10,10,10,10,10,10,10,10,10,10,10,10,10,10,10,10,10,10,10,10,10,10,10
10,10,10,10,10,10,10,10,10,10,10,10,10,10,10,10,10,10,10,10,10,10,10,10,10,10,10,10,10,10.0002,10.0006,10.0018,10.0052,10.0136,10.0328,10.0719,10.1427,10.2548,10.4079,10.5838,10.7468,10.8563,10.8838,10.8204,10.6717,10.4511,10.1788,9.88119,9.58793,9.32892,9.13159,9.20508,9.13159,9.32892,9.58793,9.88119,10.1788,10.4511,10.6717,10.8204,10.8838,10.8563,10.7468,10.5838,10.4079,10.2548,10.1427,10.0719,10.0328,10.0136,10.0052,10.0018,10.0006,10.0002,10,10,10,10,10,10,10,10,10,10,10,10,10,10,10,10,10,10,10,10,10,10,10,10,10,10,10,10
10,10,10,10,10,10,10,10,10,10,10,10,10,10,10,10,10,10,10,10,10,10,10,10,10,10,10,10,10.0001,10.0002,10.0007,10.0021,10.0058,10.0151,10.036,10.0778,10.1524,10.2687,10.4249,10.6008,10.7597,10.8619,10.8805,10.8083,10.652,10.4256,10.1499,9.85172,9.5609,9.30715,9.11741,9.20146,9.11741,9.30715,9.5609,9.85172,10.1499,10.4256,10.652,10.8083,10.8805,10.8619,10.7597,10.6008,10.4249,10.2687,10.1524,10.0778,10.036,10.0151,10.0058,10.0021,10.0007,10.0002,10.0001,10,10,10,10,10,10,10,10,10,10,10,10,10,10,10,10,10,10,10,10,10,10,10,10,10,10,10
10,10,10,10,10,10,10,10,10,10,10,10,10,10,10,10,10,10,10,10,10,10,10,10,10,10,10,10,10.0001,10.0002,10.0008,10.0023,10.0065,10.0167,10.0393,10.084,10.1625,10.283,10.4419,10.6174,10.772,10.8666,10.8762,10.7955,10.6317,10.3996,10.1208,9.82239,9.5343,9.28605,9.1041,9.19862,9.1041,9.28605,9.5343,9.82239,10.1208,10.3996,10.6317,10.7955,10.8762,10.8666,10.772,10.6174,10.4419,10.283,10.1625,10.084,10.0393,10.0167,10.0065,10.0023,10.0008,10.0002,10.0001,10,10,10,10,10,10,10,10,10,10,10,10,10,10,10,10,10,10,10,10,10,10,10,10,10,10,10
10,10,10,10,10,10,10,10,10,10,10,10,10,10,10,10,10,10,10,10,10,10,10,10,10,10,10,10,10.0001,10.0003,10.0009,10.0026,10.0073,10.0185,10.0429,10.0906,10.1731,10.2976,10.4591,10.6338,10.7837,10.8704,10.8711,10.7818,10.6107,10.3733,10.0916,9.79323,9.50816,9.26566,9.09167,9.19658,9.09167,9.26566,9.50816,9.79323,10.0916,10.3733,10.6107,10.7818,10.8711,10.8704,10.7837,10.6338,10.4591,10.2976,10.1731,10.0906,10.0429,10.0185,10.0073,10.0026,10.0009,10.0003,10.0001,10,10,10,10,10,10,10,10,10,10,10,10,10,10,10,10,10,10,10,10,10,10,10,10,10,10,10
10,10,10,10,10,10,10,10,10,10,10,10,10,10,10,10,10,10,10,10,10,10,10,10,10,10,10,10,10.0001,10.0003,10.001,10.003,10.0081,10.0204,10.0468,10.0976,10.184,10.3126,10.4763,10.6499,10.7946,10.8733,10.8651,10.7674,10.5892,10.3465,10.0623,9.76428,9.4825,9.246,9.08014,9.19533,9.08014,9.246,9.4825,9.76428,10.0623,10.3465,10.5892,10.7674,10.8651,10.8733,10.7946,10.6499,10.4763,10.3126,10.184,10.0976,10.0468,10.0204,10.0081,10.003,10.001,10.0003,10.0001,10,10,10,10,10,10,10,10,10,10,10,10,10,10,10,10,10,10,10,10,10,10,10,10,10,10,10
10,10,10,10,10,10,10,10,10,10,10,10,10,10,10,10,10,10,10,10,10,10,10,10,10,10,10,10,10.0001,10.0004,10.0012,10.0034,10.0091,10.0225,10.0509,10.1049,10.1954,10.3278,10.4935,10.6655,10.8048,10.8754,10.8583,10.7522,10.567,10.3195,10.0329,9.73556,9.45735,9.22708,9.06952,9.19488,9.06952,9.22708,9.45735,9.73556,10.0329,10.3195,10.567,10.7522,10.8583,10.8754,10.8048,10.6655,10.4935,10.3278,10.1954,10.1049,10.0509,10.0225,10.0091,10.0034,10.0012,10.0004,10.0001,10,10,10,10,10,10,10,10,10,10,10,10,10,10,10,10,10,10,10,10,10,10,10,10,10,10,10
10,10,10,10,10,10,10,10,10,10,10,10,10,10,10,10,10,10,10,10,10,10,10,10,10,10,10,10,10.0001,10.0004,10.0013,10.0038,10.0101,10.0247,10.0553,10.1126,10.2071,10.3433,10.5107,10.6808,10.8143,10.8766,10.8506,10.7362,10.5443,10.2921,10.0035,9.7071,9.43274,9.20892,9.05981,9.19521,9.05981,9.20892,9.43274,9.7071,10.0035,10.2921,10.5443,10.7362,10.8506,10.8766,10.8143,10.6808,10.5107,10.3433,10.2071,10.1126,10.0553,10.0247,10.0101,10.0038,10.0013,10.0004,10.0001,10,10,10,10,10,10,10,10,10,10,10,10,10,10,10,10,10,10,10,10,10,10,10,10,10,10,10
10,10,10,10,10,10,10,10,10,10,10,10,10,10,10,10,10,10,10,10,10,10,10,10,10,10,10,10,10.0001,10.0005,10.0015,10.0043,10.0112,10.0272,10.06,10.1206,10.2193,10.3591,10.5278,10.6956,10.823,10.877,10.842,10.7196,10.5211,10.2644,9.97413,9.67894,9.40869,9.19155,9.05104,9.19635,9.05104,9.19155,9.40869,9.67894,9.97413,10.2644,10.5211,10.7196,10.842,10.877,10.823,10.6956,10.5278,10.3591,10.2193,10.1206,10.06,10.0272,10.0112,10.0043,10.0015,10.0005,10.0001,10,10,10,10,10,10,10,10,10,10,10,10,10,10,10,10,10,10,10,10,10,10,10,10,10,10,10
10,10,10,10,10,10,10,10,10,10,10,10,10,10,10,10,10,10,10,10,10,10,10,10,10,10,10,10,10.0002,10.0006,10.0017,10.0048,10.0125,10.0298,10.065,10.1291,10.2319,10.3751,10.5448,10.7099,10.831,10.8764,10.8326,10.7022,10.4973,10.2365,9.94476,9.65108,9.38523,9.17497,9.0432,9.19827,9.0432,9.17497,9.38523,9.65108,9.94476,10.2365,10.4973,10.7022,10.8326,10.8764,10.831,10.7099,10.5448,10.3751,10.2319,10.1291,10.065,10.0298,10.0125,10.0048,10.0017,10.0006,10.0002,10,10,10,10,10,10,10,10,10,10,10,10,10,10,10,10,10,10,10,10,10,10,10,10,10,10,10
10,10,10,10,10,10,10,10,10,10,10,10,10,10,10,10,10,10,10,10,10,10,10,10,10,10,10,10.0001,10.0002,10.0006,10.0019,10.0054,10.0138,10.0326,10.0704,10.138,10.2448,10.3912,10.5617,10.7236,10.8381,10.875,10.8224,10.6842,10.4731,10.2083,9.91545,9.62357,9.36237,9.1592,9.0363,9.20099,9.0363,9.1592,9.36237,9.62357,9.91545,10.2083,10.4731,10.6842,10.8224,10.875,10.8381,10.7236,10.5617,10.3912,10.2448,10.138,10.0704,10.0326,10.0138,10.0054,10.0019,10.0006,10.0002,10.0001,10,10,10,10,10,10,10,10,10,10,10,10,10,10,10,10,10,10,10,10,10,10,10,10,10,10
10,10,10,10,10,10,10,10,10,10,10,10,10,10,10,10,10,10,10,10,10,10,10,10,10,10,10,10.0001,10.0002,10.0007,10.0022,10.006,10.0153,10.0356,10.076,10.1472,10.2581,10.4076,10.5783,10.7369,10.8445,10.8727,10.8114,10.6655,10.4483,10.1799,9.88622,9.59644,9.34013,9.14427,9.03035,9.2045,9.03035,9.14427,9.34013,9.59644,9.88622,10.1799,10.4483,10.6655,10.8114,10.8727,10.8445,10.7369,10.5783,10.4076,10.2581,10.1472,10.076,10.0356,10.0153,10.006,10.0022,10.0007,10.0002,10.0001,10,10,10,10,10,10,10,10,10,10,10,10,10,10,10,10,10,10,10,10,10,10,10,10,10,10
10,10,10,10,10,10,10,10,10,10,10,10,10,10,10,10,10,10,10,10,10,10,10,10,10,10,10,10.0001,10.0003,10.0008,10.0025,10.0067,10.0169,10.0389,10.0819,10.1569,10.2717,10.4241,10.5948,10.7495,10.85,10.8695,10.7995,10.6461,10.4232,10.1514,9.8571,9.5697,9.31856,9.13018,9.02537,9.20879,9.02537,9.13018,9.31856,9.5697,9.8571,10.1514,10.4232,10.6461,10.7995,10.8695,10.85,10.7495,10.5948,10.4241,10.2717,10.1569,10.0819,10.0389,10.0169,10.0067,10.0025,10.0008,10.0003,10.0001,10,10,10,10,10,10,10,10,10,10,10,10,10,10,10,10,10,10,10,10,10,10,10,10,10,10
10,10,10,10,10,10,10,10,10,10,10,10,10,10,10,10,10,10,10,10,10,10,10,10,10,10,10,10.0001,10.0003,10.001,10.0028,10.0075,10.0186,10.0424,10.0882,10.1669,10.2857,10.4407,10.611,10.7616,10.8547,10.8654,10.7869,10.6261,10.3976,10.1227,9.82813,9.54338,9.29765,9.11694,9.02134,9.21386,9.02134,9.11694,9.29765,9.54338,9.82813,10.1227,10.3976,10.6261,10.7869,10.8654,10.8547,10.7616,10.611,10.4407,10.2857,10.1669,10.0882,10.0424,10.0186,10.0075,10.0028,10.001,10.0003,10.0001,10,10,10,10,10,10,10,10,10,10,10,10,10,10,10,10,10,10,10,10,10,10,10,10,10,10
10,10,10,10,10,10,10,10,10,10,10,10,10,10,10,10,10,10,10,10,10,10,10,10,10,10,10,10.0001,10.0004,10.0011,10.0031,10.0083,10.0205,10.0461,10.0949,10.1774,10.3,10.4573,10.627,10.773,10.8586,10.8605,10.7735,10.6054,10.3716,10.0939,9.79932,9.51752,9.27743,9.10458,9.01828,9.21971,9.01828,9.10458,9.27743,9.51752,9.79932,10.0939,10.3716,10.6054,10.7735,10.8605,10.8586,10.773,10.627,10.4573,10.3,10.1774,10.0949,10.0461,10.0205,10.0083,10.0031,10.0011,10.0004,10.0001,10,10,10,10,10,10,10,10,10,10,10,10,10,10,10,10,10,10,10,10,10,10,10,10,10,10
10,10,10,10,10,10,10,10,10,10,10,10,10,10,10,10,10,10,10,10,10,10,10,10,10,10,10,10.0001,10.0004,10.0012,10.0035,10.0093,10.0225,10.0501,10.1019,10.1882,10.3146,10.474,10.6426,10.7837,10.8616,10.8547,10.7594,10.5842,10.3453,10.065,9.77072,9.49213,9.25793,9.09311,9.01619,9.22633,9.01619,9.09311,9.25793,9.49213,9.77072,10.065,10.3453,10.5842,10.7594,10.8547,10.8616,10.7837,10.6426,10.474,10.3146,10.1882,10.1019,10.0501,10.0225,10.0093,10.0035,10.0012,10.0004,10.0001,10,10,10,10,10,10,10,10,10,10,10,10,10,10,10,10,10,10,10,10,10,10,10,10,10,10
10,10,10,10,10,10,10,10,10,10,10,10,10,10,10,10,10,10,10,10,10,10,10,10,10,10,10,10.0001,10.0005,10.0014,10.0039,10.0103,10.0247,10.0543,10.1092,10.1994,10.3295,10.4907,10.6578,10.7937,10.8638,10.8481,10.7445,10.5624,10.3186,10.036,9.74233,9.46725,9.23917,9.08253,9.01507,9.23371,9.01507,9.08253,9.23917,9.46725,9.74233,10.036,10.3186,10.5624,10.7445,10.8481,10.8638,10.7937,10.6578,10.4907,10.3295,10.1994,10.1092,10.0543,10.0247,10.0103,10.0039,10.0014,10.0005,10.0001,10,10,10,10,10,10,10,10,10,10,10,10,10,10,10,10,10,10,10,10,10,10,10,10,10,10
10,10,10,10,10,10,10,10,10,10,10,10,10,10,10,10,10,10,10,10,10,10,10,10,10,10,10,10.0002,10.0005,10.0016,10.0044,10.0114,10.027,10.0589,10.1169,10.211,10.3446,10.5074,10.6726,10.8031,10.8651,10.8406,10.7288,10.5401,10.2916,10.007,9.71421,9.44289,9.22115,9.07285,9.01492,9.24185,9.01492,9.07285,9.22115,9.44289,9.71421,10.007,10.2916,10.5401,10.7288,10.8406,10.8651,10.8031,10.6726,10.5074,10.3446,10.211,10.1169,10.0589,10.027,10.0114,10.0044,10.0016,10.0005,10.0002,10,10,10,10,10,10,10,10,10,10,10,10,10,10,10,10,10,10,10,10,10,10,10,10,10,10
10,10,10,10,10,10,10,10,10,10,10,10,10,10,10,10,10,10,10,10,10,10,10,10,10,10,10.0001,10.0002,10.0006,10.0018,10.0049,10.0126,10.0296,10.0637,10.125,10.223,10.36,10.524,10.687,10.8117,10.8655,10.8323,10.7125,10.5172,10.2643,9.97795,9.68636,9.41908,9.2039,9.06409,9.01574,9.25073,9.01574,9.06409,9.2039,9.41908,9.68636,9.97795,10.2643,10.5172,10.7125,10.8323,10.8655,10.8117,10.687,10.524,10.36,10.223,10.125,10.0637,10.0296,10.0126,10.0049,10.0018,10.0006,10.0002,10.0001,10,10,10,10,10,10,10,10,10,10,10,10,10,10,10,10,10,10,10,10,10,10,10,10,10
10,10,10,10,10,10,10,10,10,10,10,10,10,10,10,10,10,10,10,10,10,10,10,10,10,10,10.0001,10.0002,10.0007,10.002,10.0055,10.0139,10.0323,10.0688,10.1335,10.2354,10.3755,10.5405,10.701,10.8195,10.8651,10.8231,10.6954,10.4938,10.2368,9.94895,9.65883,9.39584,9.18744,9.05625,9.01754,9.26036,9.01754,9.05625,9.18744,9.39584,9.65883,9.94895,10.2368,10.4938,10.6954,10.8231,10.8651,10.8195,10.701,10.5405,10.3755,10.2354,10.1335,10.0688,10.0323,10.0139,10.0055,10.002,10.0007,10.0002,10.0001,10,10,10,10,10,10,10,10,10,10,10,10,10,10,10,10,10,10,10,10,10,10,10,10,10
10,10,10,10,10,10,10,10,10,10,10,10,10,10,10,10,10,10,10,10,10,10,10,10,10,10,10.0001,10.0003,10.0008,10.0023,10.0062,10.0154,10.0353,10.0742,10.1423,10.2481,10.3913,10.5569,10.7144,10.8266,10.8638,10.8132,10.6777,10.4699,10.209,9.92001,9.63163,9.3732,9.17178,9.04934,9.0203,9.27071,9.0203,9.04934,9.17178,9.3732,9.63163,9.92001,10.209,10.4699,10.6777,10.8132,10.8638,10.8266,10.7144,10.5569,10.3913,10.2481,10.1423,10.0742,10.0353,10.0154,10.0062,10.0023,10.0008,10.0003,10.0001,10,10,10,10,10,10,10,10,10,10,10,10,10,10,10,10,10,10,10,10,10,10,10,10,10
10,10,10,10,10,10,10,10,10,10,10,10,10,10,10,10,10,10,10,10,10,10,10,10,10,10,10.0001,10.0003,10.0009,10.0026,10.0069,10.0169,10.0384,10.0799,10.1515,10.2611,10.4072,10.5731,10.7273,10.8329,10.8616,10.8024,10.6593,10.4456,10.181,9.89114,9.60479,9.35117,9.15693,9.04337,9.02403,9.28179,9.02403,9.04337,9.15693,9.35117,9.60479,9.89114,10.181,10.4456,10.6593,10.8024,10.8616,10.8329,10.7273,10.5731,10.4072,10.2611,10.1515,10.0799,10.0384,10.0169,10.0069,10.0026,10.0009,10.0003,10.0001,10,10,10,10,10,10,10,10,10,10,10,10,10,10,10,10,10,10,10,10,10,10,10,10,10
10,10,10,10,10,10,10,10,10,10,10,10,10,10,10,10,10,10,10,10,10,10,10,10,10,10,10.0001,10.0003,10.001,10.0029,10.0076,10.0186,10.0418,10.0859,10.1611,10.2745,10.4232,10.5891,10.7397,10.8384,10.8586,10.7908,10.6402,10.4208,10.1529,9.86238,9.57835,9.32979,9.14292,9.03835,9.02873,9.29357,9.02873,9.03835,9.14292,9.32979,9.57835,9.86238,10.1529,10.4208,10.6402,10.7908,10.8586,10.8384,10.7397,10.5891,10.4232,10.2745,10.1611,10.0859,10.0418,10.0186,10.0076,10.0029,10.001,10.0003,10.0001,10,10,10,10,10,10,10,10,10,10,10,10,10,10,10,10,10,10,10,10,10,10,10,10,10
10,10,10,10,10,10,10,10,10,10,10,10,10,10,10,10,10,10,10,10,10,10,10,10,10,10,10.0001,10.0004,10.0012,10.0033,10.0085,10.0205,10.0454,10.0923,10.1711,10.2882,10.4394,10.6049,10.7515,10.8431,10.8547,10.7784,10.6205,10.3956,10.1245,9.83376,9.55232,9.30907,9.12976,9.03427,9.03438,9.30605,9.03438,9.03427,9.12976,9.30907,9.55232,9.83376,10.1245,10.3956,10.6205,10.7784,10.8547,10.8431,10.7515,10.6049,10.4394,10.2882,10.1711,10.0923,10.0454,10.0205,10.0085,10.0033,10.0012,10.0004,10.0001,10,10,10,10,10,10,10,10,10,10,10,10,10,10,10,10,10,10,10,10,10,10,10,10,10
10,10,10,10,10,10,10,10,10,10,10,10,10,10,10,10,10,10,10,10,10,10,10,10,10,10,10.0001,10.0004,10.0013,10.0036,10.0094,10.0224,10.0492,10.0989,10.1814,10.3022,10.4556,10.6204,10.7626,10.847,10.85,10.7653,10.6002,10.37,10.0961,9.8053,9.52673,9.28903,9.11745,9.03115,9.04099,9.31922,9.04099,9.03115,9.11745,9.28903,9.52673,9.8053,10.0961,10.37,10.6002,10.7653,10.85,10.847,10.7626,10.6204,10.4556,10.3022,10.1814,10.0989,10.0492,10.0224,10.0094,10.0036,10.0013,10.0004,10.0001,10,10,10,10,10,10,10,10,10,10,10,10,10,10,10,10,10,10,10,10,10,10,10,10,10
10,10,10,10,10,10,10,10,10,10,10,10,10,10,10,10,10,10,10,10,10,10,10,10,10,10,10.0002,10.0005,10.0015,10.0041,10.0104,10.0246,10.0533,10.106,10.1921,10.3164,10.4718,10.6356,10.7732,10.8501,10.8444,10.7514,10.5793,10.344,10.0676,9.77703,9.50161,9.2697,9.10601,9.02899,9.04854,9.33305,9.04854,9.02899,9.10601,9.2697,9.50161,9.77703,10.0676,10.344,10.5793,10.7514,10.8444,10.8501,10.7732,10.6356,10.4718,10.3164,10.1921,10.106,10.0533,10.0246,10.0104,10.0041,10.0015,10.0005,10.0002,10,10,10,10,10,10,10,10,10,10,10,10,10,10,10,10,10,10,10,10,10,10,10,10,10
10,10,10,10,10,10,10,10,10,10,10,10,10,10,10,10,10,10,10,10,10,10,10,10,10,10.0001,10.0002,10.0006,10.0017,10.0046,10.0115,10.0269,10.0577,10.1133,10.2032,10.331,10.4881,10.6504,10.783,10.8523,10.838,10.7368,10.5579,10.3177,10.039,9.74898,9.47698,9.25108,9.09546,9.02778,9.05703,9.34755,9.05703,9.02778,9.09546,9.25108,9.47698,9.74898,10.039,10.3177,10.5579,10.7368,10.838,10.8523,10.783,10.6504,10.4881,10.331,10.2032,10.1133,10.0577,10.0269,10.0115,10.0046,10.0017,10.0006,10.0002,10.0001,10,10,10,10,10,10,10,10,10,10,10,10,10,10,10,10,10,10,10,10,10,10,10,10
10,10,10,10,10,10,10,10,10,10,10,10,10,10,10,10,10,10,10,10,10,10,10,10,10,10.0001,10.0002,10.0007,10.0019,10.0051,10.0127,10.0293,10.0623,10.1211,10.2147,10.3457,10.5043,10.6648,10.7922,10.8537,10.8307,10.7215,10.5359,10.2911,10.0103,9.72118,9.45287,9.2332,9.0858,9.02753,9.06645,9.36269,9.06645,9.02753,9.0858,9.2332,9.45287,9.72118,10.0103,10.2911,10.5359,10.7215,10.8307,10.8537,10.7922,10.6648,10.5043,10.3457,10.2147,10.1211,10.0623,10.0293,10.0127,10.0051,10.0019,10.0007,10.0002,10.0001,10,10,10,10,10,10,10,10,10,10,10,10,10,10,10,10,10,10,10,10,10,10,10,10
10,10,10,10,10,10,10,10,10,10,10,10,10,10,10,10,10,10,10,10,10,10,10,10,10,10.0001,10.0002,10.0007,10.0021,10.0057,10.014,10.032,10.0672,10.1292,10.2265,10.3607,10.5204,10.6789,10.8007,10.8542,10.8226,10.7054,10.5133,10.2642,9.98168,9.69366,9.4293,9.21608,9.07704,9.02824,9.0768,9.37846,9.0768,9.02824,9.07704,9.21608,9.4293,9.69366,9.98168,10.2642,10.5133,10.7054,10.8226,10.8542,10.8007,10.6789,10.5204,10.3607,10.2265,10.1292,10.0672,10.032,10.014,10.0057,10.0021,10.0007,10.0002,10.0001,10,10,10,10,10,10,10,10,10,10,10,10,10,10,10,10,10,10,10,10,10,10,10,10
10,10,10,10,10,10,10,10,10,10,10,10,10,10,10,10,10,10,10,10,10,10,10,10,10,10.0001,10.0003,10.0008,10.0024,10.0063,10.0154,10.0348,10.0724,10.1376,10.2386,10.3759,10.5365,10.6925,10.8084,10.8539,10.8137,10.6886,10.4903,10.237,9.95305,9.66644,9.40629,9.19973,9.06919,9.02991,9.08805,9.39484,9.08805,9.02991,9.06919,9.19973,9.40629,9.66644,9.95305,10.237,10.4903,10.6886,10.8137,10.8539,10.8084,10.6925,10.5365,10.3759,10.2386,10.1376,10.0724,10.0348,10.0154,10.0063,10.0024,10.0008,10.0003,10.0001,10,10,10,10,10,10,10,10,10,10,10,10,10,10,10,10,10,10,10,10,10,10,10,10
10,10,10,10,10,10,10,10,10,10,10,10,10,10,10,10,10,10,10,10,10,10,10,10,10,10.0001,10.0003,10.001,10.0027,10.007,10.017,10.0379,10.0778,10.1464,10.2511,10.3913,10.5524,10.7056,10.8154,10.8527,10.804,10.6712,10.4668,10.2096,9.92447,9.63955,9.38386,9.18418,9.06226,9.03254,9.10021,9.41182,9.10021,9.03254,9.06226,9.18418,9.38386,9.63955,9.92447,10.2096,10.4668,10.6712,10.804,10.8527,10.8154,10.7056,10.5524,10.3913,10.2511,10.1464,10.0778,10.0379,10.017,10.007,10.0027,10.001,10.0003,10.0001,10,10,10,10,10,10,10,10,10,10,10,10,10,10,10,10,10,10,10,10,10,10,10,10
10,10,10,10,10,10,10,10,10,10,10,10,10,10,10,10,10,10,10,10,10,10,10,10,10,10.0001,10.0004,10.0011,10.003,10.0078,10.0186,10.0411,10.0836,10.1556,10.2639,10.4068,10.5682,10.7182,10.8216,10.8507,10.7934,10.6531,10.4428,10.182,9.89596,9.61301,9.36205,9.16942,9.05626,9.03612,9.11325,9.42938,9.11325,9.03612,9.05626,9.16942,9.36205,9.61301,9.89596,10.182,10.4428,10.6531,10.7934,10.8507,10.8216,10.7182,10.5682,10.4068,10.2639,10.1556,10.0836,10.0411,10.0186,10.0078,10.003,10.0011,10.0004,10.0001,10,10,10,10,10,10,10,10,10,10,10,10,10,10,10,10,10,10,10,10,10,10,10,10
10,10,10,10,10,10,10,10,10,10,10,10,10,10,10,10,10,10,10,10,10,10,10,10,10,10.0001,10.0004,10.0012,10.0034,10.0086,10.0204,10.0446,10.0897,10.1651,10.277,10.4224,10.5837,10.7303,10.8271,10.8478,10.7821,10.6343,10.4183,10.1543,9.86755,9.58685,9.34086,9.15549,9.05118,9.04065,9.12717,9.4475,9.12717,9.04065,9.05118,9.15549,9.34086,9.58685,9.86755,10.1543,10.4183,10.6343,10.7821,10.8478,10.8271,10.7303,10.5837,10.4224,10.277,10.1651,10.0897,10.0446,10.0204,10.0086,10.0034,10.0012,10.0004,10.0001,10,10,10,10,10,10,10,10,10,10,10,10,10,10,10,10,10,10,10,10,10,10,10,10
10,10,10,10,10,10,10,10,10,10,10,10,10,10,10,10,10,10,10,10,10,10,10,10,10,10.0002,10.0005,10.0014,10.0038,10.0095,10.0223,10.0483,10.0961,10.175,10.2904,10.4381,10.599,10.7418,10.8318,10.8441,10.77,10.615,10.3935,10.1263,9.83927,9.56111,9.32033,9.14239,9.04705,9.04613,9.14195,9.46617,9.14195,9.04613,9.04705,9.14239,9.32033,9.56111,9.83927,10.1263,10.3935,10.615,10.77,10.8441,10.8318,10.7418,10.599,10.4381,10.2904,10.175,10.0961,10.0483,10.0223,10.0095,10.0038,10.0014,10.0005,10.0002,10,10,10,10,10,10,10,10,10,10,10,10,10,10,10,10,10,10,10,10,10,10,10,10
10,10,10,10,10,10,10,10,10,10,10,10,10,10,10,10,10,10,10,10,10,10,10,10,10.0001,10.0002,10.0005,10.0016,10.0042,10.0105,10.0244,10.0523,10.1028,10.1852,10.3041,10.4539,10.6141,10.7527,10.8357,10.8396,10.7571,10.595,10.3683,10.0983,9.81116,9.53579,9.30046,9.13014,9.04385,9.05256,9.15757,9.48537,9.15757,9.05256,9.04385,9.13014,9.30046,9.53579,9.81116,10.0983,10.3683,10.595,10.7571,10.8396,10.8357,10.7527,10.6141,10.4539,10.3041,10.1852,10.1028,10.0523,10.0244,10.0105,10.0042,10.0016,10.0005,10.0002,10.0001,10,10,10,10,10,10,10,10,10,10,10,10,10,10,10,10,10,10,10,10,10,10,10
10,10,10,10,10,10,10,10,10,10,10,10,10,10,10,10,10,10,10,10,10,10,10,10,10.0001,10.0002,10.0006,10.0018,10.0047,10.0116,10.0267,10.0565,10.1099,10.1958,10.3181,10.4697,10.6289,10.763,10.8387,10.8342,10.7435,10.5744,10.3427,10.0701,9.78323,9.51094,9.28129,9.11875,9.0416,9.05991,9.17403,9.50507,9.17403,9.05991,9.0416,9.11875,9.28129,9.51094,9.78323,10.0701,10.3427,10.5744,10.7435,10.8342,10.8387,10.763,10.6289,10.4697,10.3181,10.1958,10.1099,10.0565,10.0267,10.0116,10.0047,10.0018,10.0006,10.0002,10.0001,10,10,10,10,10,10,10,10,10,10,10,10,10,10,10,10,10,10,10,10,10,10,10
10,10,10,10,10,10,10,10,10,10,10,10,10,10,10,10,10,10,10,10,10,10,10,10,10.0001,10.0002,10.0007,10.002,10.0052,10.0128,10.0291,10.0609,10.1173,10.2068,10.3323,10.4855,10.6433,10.7727,10.841,10.8279,10.7292,10.5533,10.3168,10.0419,9.75551,9.48656,9.26282,9.10822,9.04029,9.0682,9.1913,9.52526,9.1913,9.0682,9.04029,9.10822,9.26282,9.48656,9.75551,10.0419,10.3168,10.5533,10.7292,10.8279,10.841,10.7727,10.6433,10.4855,10.3323,10.2068,10.1173,10.0609,10.0291,10.0128,10.0052,10.002,10.0007,10.0002,10.0001,10,10,10,10,10,10,10,10,10,10,10,10,10,10,10,10,10,10,10,10,10,10,10
10,10,10,10,10,10,10,10,10,10,10,10,10,10,10,10,10,10,10,10,10,10,10,10,10.0001,10.0003,10.0008,10.0022,10.0058,10.0141,10.0316,10.0656,10.125,10.218,10.3467,10.5012,10.6574,10.7817,10.8425,10.8209,10.7141,10.5317,10.2905,10.0136,9.72803,9.4627,9.24508,9.09858,9.03993,9.0774,9.20937,9.54592,9.20937,9.0774,9.03993,9.09858,9.24508,9.4627,9.72803,10.0136,10.2905,10.5317,10.7141,10.8209,10.8425,10.7817,10.6574,10.5012,10.3467,10.218,10.125,10.0656,10.0316,10.0141,10.0058,10.0022,10.0008,10.0003,10.0001,10,10,10,10,10,10,10,10,10,10,10,10,10,10,10,10,10,10,10,10,10,10,10
10,10,10,10,10,10,10,10,10,10,10,10,10,10,10,10,10,10,10,10,10,10,10,10,10.0001,10.0003,10.0009,10.0025,10.0064,10.0155,10.0344,10.0706,10.1331,10.2297,10.3614,10.5169,10.671,10.79,10.8431,10.813,10.6984,10.5095,10.264,9.98532,9.70083,9.43936,9.22809,9.08982,9.04052,9.08752,9.22822,9.56703,9.22822,9.08752,9.04052,9.08982,9.22809,9.43936,9.70083,9.98532,10.264,10.5095,10.6984,10.813,10.8431,10.79,10.671,10.5169,10.3614,10.2297,10.1331,10.0706,10.0344,10.0155,10.0064,10.0025,10.0009,10.0003,10.0001,10,10,10,10,10,10,10,10,10,10,10,10,10,10,10,10,10,10,10,10,10,10,10
10,10,10,10,10,10,10,10,10,10,10,10,10,10,10,10,10,10,10,10,10,10,10,10,10.0001,10.0003,10.001,10.0028,10.0071,10.017,10.0373,10.0758,10.1415,10.2416,10.3762,10.5325,10.6843,10.7976,10.8428,10.8043,10.6819,10.4868,10.2372,9.95705,9.67391,9.41658,9.21186,9.08197,9.04205,9.09853,9.24783,9.58856,9.24783,9.09853,9.04205,9.08197,9.21186,9.41658,9.67391,9.95705,10.2372,10.4868,10.6819,10.8043,10.8428,10.7976,10.6843,10.5325,10.3762,10.2416,10.1415,10.0758,10.0373,10.017,10.0071,10.0028,10.001,10.0003,10.0001,10,10,10,10,10,10,10,10,10,10,10,10,10,10,10,10,10,10,10,10,10,10,10
10,10,10,10,10,10,10,10,10,10,10,10,10,10,10,10,10,10,10,10,10,10,10,10,10.0001,10.0004,10.0011,10.0031,10.0079,10.0186,10.0405,10.0814,10.1503,10.2539,10.3912,10.548,10.6971,10.8045,10.8418,10.7948,10.6648,10.4636,10.2102,9.92883,9.64733,9.39437,9.19641,9.07502,9.04453,9.11044,9.26819,9.6105,9.26819,9.11044,9.04453,9.07502,9.19641,9.39437,9.64733,9.92883,10.2102,10.4636,10.6648,10.7948,10.8418,10.8045,10.6971,10.548,10.3912,10.2539,10.1503,10.0814,10.0405,10.0186,10.0079,10.0031,10.0011,10.0004,10.0001,10,10,10,10,10,10,10,10,10,10,10,10,10,10,10,10,10,10,10,10,10,10,10
10,10,10,10,10,10,10,10,10,10,10,10,10,10,10,10,10,10,10,10,10,10,10,10,10.0001,10.0004,10.0013,10.0035,10.0087,10.0203,10.0438,10.0872,10.1594,10.2665,10.4063,10.5634,10.7094,10.8107,10.8399,10.7845,10.647,10.44,10.183,9.90067,9.62108,9.37276,9.18175,9.06898,9.04796,9.12322,9.28927,9.63283,9.28927,9.12322,9.04796,9.06898,9.18175,9.37276,9.62108,9.90067,10.183,10.44,10.647,10.7845,10.8399,10.8107,10.7094,10.5634,10.4063,10.2665,10.1594,10.0872,10.0438,10.0203,10.0087,10.0035,10.0013,10.0004,10.0001,10,10,10,10,10,10,10,10,10,10,10,10,10,10,10,10,10,10,10,10,10,10,10
10,10,10,10,10,10,10,10,10,10,10,10,10,10,10,10,10,10,10,10,10,10,10,10.0001,10.0002,10.0005,10.0015,10.0039,10.0096,10.0222,10.0474,10.0934,10.1688,10.2793,10.4215,10.5785,10.7212,10.8161,10.8372,10.7735,10.6285,10.4159,10.1556,9.87261,9.59522,9.35177,9.1679,9.06386,9.05232,9.13687,9.31104,9.65552,9.31104,9.13687,9.05232,9.06386,9.1679,9.35177,9.59522,9.87261,10.1556,10.4159,10.6285,10.7735,10.8372,10.8161,10.7212,10.5785,10.4215,10.2793,10.1688,10.0934,10.0474,10.0222,10.0096,10.0039,10.0015,10.0005,10.0002,10.0001,10,10,10,10,10,10,10,10,10,10,10,10,10,10,10,10,10,10,10,10,10,10
10,10,10,10,10,10,10,10,10,10,10,10,10,10,10,10,10,10,10,10,10,10,10,10.0001,10.0002,10.0006,10.0016,10.0043,10.0106,10.0242,10.0512,10.0998,10.1786,10.2925,10.4368,10.5934,10.7324,10.8207,10.8336,10.7616,10.6095,10.3915,10.128,9.84468,9.56975,9.33142,9.15486,9.05967,9.05762,9.15137,9.3335,9.67854,9.3335,9.15137,9.05762,9.05967,9.15486,9.33142,9.56975,9.84468,10.128,10.3915,10.6095,10.7616,10.8336,10.8207,10.7324,10.5934,10.4368,10.2925,10.1786,10.0998,10.0512,10.0242,10.0106,10.0043,10.0016,10.0006,10.0002,10.0001,10,10,10,10,10,10,10,10,10,10,10,10,10,10,10,10,10,10,10,10,10,10
10,10,10,10,10,10,10,10,10,10,10,10,10,10,10,10,10,10,10,10,10,10,10,10.0001,10.0002,10.0007,10.0018,10.0048,10.0117,10.0264,10.0552,10.1066,10.1888,10.3059,10.4521,10.6081,10.7431,10.8246,10.8292,10.749,10.5898,10.3666,10.1003,9.8169,9.5447,9.31172,9.14267,9.0564,9.06385,9.1667,9.35662,9.70189,9.35662,9.1667,9.06385,9.0564,9.14267,9.31172,9.5447,9.8169,10.1003,10.3666,10.5898,10.749,10.8292,10.8246,10.7431,10.6081,10.4521,10.3059,10.1888,10.1066,10.0552,10.0264,10.0117,10.0048,10.0018,10.0007,10.0002,10.0001,10,10,10,10,10,10,10,10,10,10,10,10,10,10,10,10,10,10,10,10,10,10
10,10,10,10,10,10,10,10,10,10,10,10,10,10,10,10,10,10,10,10,10,10,10,10.0001,10.0003,10.0007,10.0021,10.0053,10.0128,10.0287,10.0595,10.1136,10.1992,10.3196,10.4675,10.6224,10.7532,10.8277,10.824,10.7357,10.5696,10.3414,10.0726,9.7893,9.52011,9.29271,9.13132,9.05406,9.071,9.18286,9.38037,9.72553,9.38037,9.18286,9.071,9.05406,9.13132,9.29271,9.52011,9.7893,10.0726,10.3414,10.5696,10.7357,10.824,10.8277,10.7532,10.6224,10.4675,10.3196,10.1992,10.1136,10.0595,10.0287,10.0128,10.0053,10.0021,10.0007,10.0003,10.0001,10,10,10,10,10,10,10,10,10,10,10,10,10,10,10,10,10,10,10,10,10,10
10,10,10,10,10,10,10,10,10,10,10,10,10,10,10,10,10,10,10,10,10,10,10,10.0001,10.0003,10.0008,10.0023,10.0059,10.0141,10.0312,10.064,10.121,10.2101,10.3335,10.4829,10.6365,10.7626,10.83,10.818,10.7216,10.5488,10.3158,10.0447,9.76191,9.49599,9.2744,9.12082,9.05266,9.07907,9.19983,9.40473,9.74944,9.40473,9.19983,9.07907,9.05266,9.12082,9.2744,9.49599,9.76191,10.0447,10.3158,10.5488,10.7216,10.818,10.83,10.7626,10.6365,10.4829,10.3335,10.2101,10.121,10.064,10.0312,10.0141,10.0059,10.0023,10.0008,10.0003,10.0001,10,10,10,10,10,10,10,10,10,10,10,10,10,10,10,10,10,10,10,10,10,10
10,10,10,10,10,10,10,10,10,10,10,10,10,10,10,10,10,10,10,10,10,10,10,10.0001,10.0003,10.0009,10.0026,10.0065,10.0154,10.0339,10.0688,10.1288,10.2212,10.3476,10.4983,10.6502,10.7715,10.8315,10.8111,10.7068,10.5275,10.29,10.0168,9.73476,9.47237,9.2568,9.1112,9.05219,9.08804,9.21759,9.42968,9.7736,9.42968,9.21759,9.08804,9.05219,9.1112,9.2568,9.47237,9.73476,10.0168,10.29,10.5275,10.7068,10.8111,10.8315,10.7715,10.6502,10.4983,10.3476,10.2212,10.1288,10.0688,10.0339,10.0154,10.0065,10.0026,10.0009,10.0003,10.0001,10,10,10,10,10,10,10,10,10,10,10,10,10,10,10,10,10,10,10,10,10,10
10,10,10,10,10,10,10,10,10,10,10,10,10,10,10,10,10,10,10,10,10,10,10,10.0001,10.0004,10.0011,10.0029,10.0072,10.0169,10.0367,10.0739,10.1368,10.2327,10.3619,10.5135,10.6635,10.7796,10.8321,10.8035,10.6914,10.5056,10.2638,9.98887,9.70787,9.44926,9.23993,9.10245,9.05266,9.09792,9.23611,9.45519,9.79798,9.45519,9.23611,9.09792,9.05266,9.10245,9.23993,9.44926,9.70787,9.98887,10.2638,10.5056,10.6914,10.8035,10.8321,10.7796,10.6635,10.5135,10.3619,10.2327,10.1368,10.0739,10.0367,10.0169,10.0072,10.0029,10.0011,10.0004,10.0001,10,10,10,10,10,10,10,10,10,10,10,10,10,10,10,10,10,10,10,10,10,10
10,10,10,10,10,10,10,10,10,10,10,10,10,10,10,10,10,10,10,10,10,10,10,10.0001,10.0004,10.0012,10.0032,10.008,10.0185,10.0398,10.0792,10.1452,10.2444,10.3764,10.5287,10.6764,10.7871,10.832,10.795,10.6752,10.4833,10.2374,9.96096,9.68126,9.42671,9.22382,9.09458,9.05406,9.10869,9.2554,9.48124,9.82256,9.48124,9.2554,9.10869,9.05406,9.09458,9.22382,9.42671,9.68126,9.96096,10.2374,10.4833,10.6752,10.795,10.832,10.7871,10.6764,10.5287,10.3764,10.2444,10.1452,10.0792,10.0398,10.0185,10.008,10.0032,10.0012,10.0004,10.0001,10,10,10,10,10,10,10,10,10,10,10,10,10,10,10,10,10,10,10,10,10,10
10,10,10,10,10,10,10,10,10,10,10,10,10,10,10,10,10,10,10,10,10,10,10.0001,10.0002,10.0005,10.0014,10.0036,10.0088,10.0202,10.043,10.0848,10.1539,10.2565,10.391,10.5438,10.6889,10.7939,10.831,10.7857,10.6584,10.4605,10.2107,9.93309,9.65497,9.40471,9.20847,9.08761,9.0564,9.12034,9.27541,9.5078,9.84731,9.5078,9.27541,9.12034,9.0564,9.08761,9.20847,9.40471,9.65497,9.93309,10.2107,10.4605,10.6584,10.7857,10.831,10.7939,10.6889,10.5438,10.391,10.2565,10.1539,10.0848,10.043,10.0202,10.0088,10.0036,10.0014,10.0005,10.0002,10.0001,10,10,10,10,10,10,10,10,10,10,10,10,10,10,10,10,10,10,10,10,10
10,10,10,10,10,10,10,10,10,10,10,10,10,10,10,10,10,10,10,10,10,10,10.0001,10.0002,10.0005,10.0015,10.004,10.0097,10.022,10.0465,10.0907,10.163,10.2688,10.4057,10.5587,10.7009,10.8,10.8293,10.7757,10.6409,10.4372,10.1839,9.90528,9.62902,9.38331,9.1939,9.08155,9.05967,9.13285,9.29614,9.53485,9.87222,9.53485,9.29614,9.13285,9.05967,9.08155,9.1939,9.38331,9.62902,9.90528,10.1839,10.4372,10.6409,10.7757,10.8293,10.8,10.7009,10.5587,10.4057,10.2688,10.163,10.0907,10.0465,10.022,10.0097,10.004,10.0015,10.0005,10.0002,10.0001,10,10,10,10,10,10,10,10,10,10,10,10,10,10,10,10,10,10,10,10,10
10,10,10,10,10,10,10,10,10,10,10,10,10,10,10,10,10,10,10,10,10,10,10.0001,10.0002,10.0006,10.0017,10.0044,10.0107,10.024,10.0501,10.0969,10.1724,10.2815,10.4206,10.5735,10.7124,10.8053,10.8267,10.7649,10.6228,10.4135,10.1569,9.87757,9.60344,9.36251,9.18013,9.07638,9.06386,9.14622,9.31757,9.56236,9.89725,9.56236,9.31757,9.14622,9.06386,9.07638,9.18013,9.36251,9.60344,9.87757,10.1569,10.4135,10.6228,10.7649,10.8267,10.8053,10.7124,10.5735,10.4206,10.2815,10.1724,10.0969,10.0501,10.024,10.0107,10.0044,10.0017,10.0006,10.0002,10.0001,10,10,10,10,10,10,10,10,10,10,10,10,10,10,10,10,10,10,10,10,10
10,10,10,10,10,10,10,10,10,10,10,10,10,10,10,10,10,10,10,10,10,10,10.0001,10.0002,10.0007,10.0019,10.0049,10.0117,10.0261,10.054,10.1034,10.1821,10.2944,10.4355,10.588,10.7234,10.8099,10.8233,10.7533,10.604,10.3894,10.1297,9.84998,9.57825,9.34234,9.16717,9.07213,9.06898,9.16044,9.33967,9.5903,9.92238,9.5903,9.33967,9.16044,9.06898,9.07213,9.16717,9.34234,9.57825,9.84998,10.1297,10.3894,10.604,10.7533,10.8233,10.8099,10.7234,10.588,10.4355,10.2944,10.1821,10.1034,10.054,10.0261,10.0117,10.0049,10.0019,10.0007,10.0002,10.0001,10,10,10,10,10,10,10,10,10,10,10,10,10,10,10,10,10,10,10,10,10
10,10,10,10,10,10,10,10,10,10,10,10,10,10,10,10,10,10,10,10,10,10,10.0001,10.0003,10.0008,10.0021,10.0054,10.0128,10.0284,10.0581,10.1101,10.1921,10.3075,10.4505,10.6022,10.7338,10.8138,10.819,10.7409,10.5847,10.3649,10.1023,9.82253,9.55347,9.32282,9.15503,9.0688,9.07502,9.17548,9.36242,9.61864,9.94759,9.61864,9.36242,9.17548,9.07502,9.0688,9.15503,9.32282,9.55347,9.82253,10.1023,10.3649,10.5847,10.7409,10.819,10.8138,10.7338,10.6022,10.4505,10.3075,10.1921,10.1101,10.0581,10.0284,10.0128,10.0054,10.0021,10.0008,10.0003,10.0001,10,10,10,10,10,10,10,10,10,10,10,10,10,10,10,10,10,10,10,10,10
10,10,10,10,10,10,10,10,10,10,10,10,10,10,10,10,10,10,10,10,10,10,10.0001,10.0003,10.0009,10.0024,10.006,10.0141,10.0308,10.0625,10.1172,10.2025,10.3209,10.4654,10.6162,10.7437,10.8168,10.814,10.7279,10.5648,10.34,10.0749,9.79527,9.52914,9.30397,9.14372,9.06638,9.08197,9.19134,9.3858,9.64736,9.97286,9.64736,9.3858,9.19134,9.08197,9.06638,9.14372,9.30397,9.52914,9.79527,10.0749,10.34,10.5648,10.7279,10.814,10.8168,10.7437,10.6162,10.4654,10.3209,10.2025,10.1172,10.0625,10.0308,10.0141,10.006,10.0024,10.0009,10.0003,10.0001,10,10,10,10,10,10,10,10,10,10,10,10,10,10,10,10,10,10,10,10,10
10,10,10,10,10,10,10,10,10,10,10,10,10,10,10,10,10,10,10,10,10,10,10.0001,10.0004,10.001,10.0027,10.0066,10.0154,10.0334,10.0671,10.1246,10.2131,10.3345,10.4804,10.6299,10.7529,10.8191,10.8081,10.7141,10.5443,10.3148,10.0474,9.7682,9.50527,9.28581,9.13326,9.06488,9.08983,9.20799,9.40979,9.67643,9.99814,9.67643,9.40979,9.20799,9.08983,9.06488,9.13326,9.28581,9.50527,9.7682,10.0474,10.3148,10.5443,10.7141,10.8081,10.8191,10.7529,10.6299,10.4804,10.3345,10.2131,10.1246,10.0671,10.0334,10.0154,10.0066,10.0027,10.001,10.0004,10.0001,10,10,10,10,10,10,10,10,10,10,10,10,10,10,10,10,10,10,10,10,10
