-80
-79.9968
-79.9904
-79.9808
-79.968
-79.952
-79.9329
-79.9106
-79.8852
-79.8566
-79.8248
-79.79
-79.752
-79.7109
-79.6668
-79.6195
-79.5692
-79.5158
-79.4593
-79.3999
-79.3373
-79.2718
-79.2033
-79.1318
-79.0573
-78.9798
-78.8994
-78.816
-78.7297
-78.6406
-78.5485
-78.4535
-78.3557
-78.2551
-78.1516
-78.0453
-77.9361
-77.8243
-77.7096
-77.5922
-77.472
-77.3492
-77.2236
-77.0954
-76.9645
-76.831
-76.6948
-76.5561
-76.4147
-76.2708
-76.1243
-75.9753
-75.8238
-75.6698
-75.5134
-75.3545
-75.1932
-75.0294
-74.8633
-74.6948
-74.524
-74.3509
-74.1754
-73.9977
-73.8178
-73.6356
-73.4512
-73.2646
-73.0758
-72.8849
-72.6919
-72.4968
-72.2996
-72.1004
-71.8992
-71.696
-71.4908
-71.2836
-71.0745
-70.8635
-70.6507
-70.436
-70.2195
-70.0012
-69.7811
-69.5592
-69.3356
-69.1104
-68.8835
-68.6549
-68.4247
-68.1929
-67.9595
-67.7246
-67.4882
-67.2503
-67.011
-66.7702
-66.528
-66.2844
-66.0395
-65.7932
-65.5457
-65.2969
-65.0468
-64.7955
-64.5431
-64.2894
-64.0347
-63.7788
-63.5219
-63.2639
-63.0048
-62.7448
-62.4838
-62.2219
-61.9591
-61.6954
-61.4308
-61.1654
-60.8992
-60.6323
-60.3646
-60.0962
-59.8271
-59.5573
-59.2869
-59.0159
-58.7444
-58.4723
-58.1997
-57.9265
-57.653
-57.379
-57.1046
-56.8298
-56.5547
-56.2792
-56.0035
-55.7275
-55.4513
-55.1748
-54.8982
-54.6215
-54.3446
-54.0676
-53.7905
-53.5134
-53.2363
-52.9593
-52.6822
-52.4052
-52.1284
-51.8516
-51.575
-51.2986
-51.0224
-50.7464
-50.4707
-50.1953
-49.9202
-49.6455
-49.3711
-49.0971
-48.8235
-48.5504
-48.2778
-48.0056
-47.734
-47.4629
-47.1925
-46.9226
-46.6534
-46.3848
-46.1169
-45.8497
-45.5832
-45.3175
-45.0526
-44.7885
-44.5252
-44.2628
-44.0012
-43.7406
-43.4809
-43.2222
-42.9644
-42.7076
-42.4519
-42.1972
-41.9436
-41.691
-41.4396
-41.1894
-40.9403
-40.6924
-40.4457
-40.2002
-39.956
-39.713
-39.4714
-39.2311
-38.9921
-38.7545
-38.5182
-38.2834
-38.05
-37.818
-37.5875
-37.3584
-37.1309
-36.9049
-36.6805
-36.4576
-36.2363
-36.0166
-35.7985
-35.582
-35.3672
-35.1541
-34.9427
-34.7329
-34.5249
-34.3187
-34.1142
-33.9115
-33.7106
-33.5115
-33.3142
-33.1188
-32.9252
-32.7335
-32.5437
-32.3558
-32.1699
-31.9858
-31.8037
-31.6236
-31.4455
-31.2693
-31.0952
-30.923
-30.7529
-30.5849
-30.4189
-30.255
-30.0931
-29.9334
-29.7757
-29.6202
-29.4668
-29.3156
-29.1665
-29.0195
-28.8748
-28.7322
-28.5918
-28.4536
-28.3176
-28.1839
-28.0523
-27.923
-27.796
-27.6712
-27.5487
-27.4284
-27.3104
-27.1947
-27.0813
-26.9702
-26.8614
-26.7549
-26.6508
-26.5489
-26.4494
-26.3522
-26.2573
-26.1648
-26.0747
-25.9869
-25.9014
-25.8183
-25.7376
-25.6593
-25.5833
-25.5097
-25.4384
-25.3696
-25.3031
-25.239
-25.1773
-25.1179
-25.061
-25.0064
-24.9543
-24.9045
-24.8571
-24.8121
-24.7695
-24.7293
-24.6914
-24.656
-24.6229
-24.5922
-24.5639
-24.538
-24.5144
-24.4933
-24.4745
-24.458
-24.444
-24.4323
-24.4229
-24.416
-24.4113
-24.409
-24.4091
-24.4115
-24.4162
-24.4233
-24.4327
-24.4444
-24.4584
-24.4747
-24.4933
-24.5142
-24.5374
-24.5629
-24.5907
-24.6207
-24.6529
-24.6875
-24.7242
-24.7632
-24.8045
-24.8479
-24.8935
-24.9414
-24.9914
-25.0436
-25.098
-25.1546
-25.2133
-25.2741
-25.3371
-25.4022
-25.4694
-25.5387
-25.6101
-25.6836
-25.7591
-25.8367
-25.9163
-25.998
-26.0816
-26.1673
-26.255
-26.3446
-26.4362
-26.5298
-26.6253
-26.7228
-26.8221
-26.9234
-27.0265
-27.1315
-27.2384
-27.3471
-27.4576
-27.57
-27.6841
-27.8
-27.9178
-28.0372
-28.1584
-28.2813
-28.4059
-28.5323
-28.6602
-28.7899
-28.9212
-29.0541
-29.1886
-29.3248
-29.4625
-29.6017
-29.7425
-29.8848
-30.0287
-30.174
-30.3208
-30.4691
-30.6188
-30.7699
-30.9224
-31.0763
-31.2316
-31.3882
-31.5461
-31.7054
-31.8659
-32.0278
-32.1908
-32.3551
-32.5207
-32.6874
-32.8553
-33.0244
-33.1946
-33.366
-33.5384
-33.7119
-33.8865
-34.0622
-34.2388
-34.4165
-34.5951
-34.7748
-34.9553
-35.1368
-35.3192
-35.5025
-35.6866
-35.8716
-36.0575
-36.2441
-36.4315
-36.6197
-36.8086
-36.9982
-37.1886
-37.3796
-37.5713
-37.7637
-37.9566
-38.1502
-38.3443
-38.5391
-38.7343
-38.9301
-39.1263
-39.3231
-39.5203
-39.7179
-39.916
-40.1145
-40.3133
-40.5125
-40.712
-40.9118
-41.112
-41.3124
-41.513
-41.7139
-41.915
-42.1163
-42.3178
-42.5194
-42.7211
-42.923
-43.1249
-43.3269
-43.529
-43.7311
-43.9332
-44.1352
-44.3373
-44.5393
-44.7412
-44.943
-45.1448
-45.3463
-45.5478
-45.749
-45.9501
-46.151
-46.3516
-46.552
-46.7521
-46.9519
-47.1514
-47.3506
-47.5494
-47.7479
-47.9459
-48.1436
-48.3409
-48.5377
-48.734
-48.9299
-49.1253
-49.3201
-49.5144
-49.7082
-49.9014
-50.094
-50.286
-50.4774
-50.6681
-50.8582
-51.0475
-51.2362
-51.4242
-51.6115
-51.7979
-51.9837
-52.1686
-52.3528
-52.5361
-52.7186
-52.9002
-53.081
-53.2609
-53.4399
-53.618
-53.7952
-53.9714
-54.1466
-54.3209
-54.4942
-54.6664
-54.8377
-55.0079
-55.177
-55.3451
-55.5121
-55.678
-55.8428
-56.0065
-56.169
-56.3304
-56.4906
-56.6496
-56.8075
-56.9641
-57.1195
-57.2737
-57.4266
-57.5782
-57.7286
-57.8777
-58.0255
-58.172
-58.3172
-58.461
-58.6035
-58.7447
-58.8844
-59.0228
-59.1598
-59.2954
-59.4296
-59.5624
-59.6937
-59.8236
-59.952
-60.079
-60.2045
-60.3285
-60.451
-60.572
-60.6915
-60.8095
-60.926
-61.0409
-61.1543
-61.2661
-61.3764
-61.4851
-61.5922
-61.6978
-61.8017
-61.9041
-62.0048
-62.1039
-62.2015
-62.2973
-62.3916
-62.4842
-62.5752
-62.6645
-62.7522
-62.8382
-62.9225
-63.0052
-63.0862
-63.1655
-63.2431
-63.319
-63.3933
-63.4658
-63.5366
-63.6058
-63.6732
-63.7389
-63.8029
-63.8652
-63.9257
-63.9845
-64.0416
-64.097
-64.1507
-64.2026
-64.2528
-64.3012
-64.3479
-64.3929
-64.4361
-64.4776
-64.5173
-64.5553
-64.5916
-64.6261
-64.6589
-64.6899
-64.7192
-64.7467
-64.7726
-64.7966
-64.819
-64.8396
-64.8584
-64.8756
-64.8909
-64.9046
-64.9166
-64.9268
-64.9353
-64.942
-64.9471
-64.9504
-64.952
-64.9519
-64.9501
-64.9467
-64.9415
-64.9346
-64.926
-64.9157
-64.9038
-64.8902
-64.8749
-64.8579
-64.8393
-64.819
-64.7971
-64.7735
-64.7483
-64.7214
-64.693
-64.6628
-64.6311
-64.5978
-64.5629
-64.5263
-64.4882
-64.4485
-64.4072
-64.3644
-64.3199
-64.274
-64.2265
-64.1774
-64.1268
-64.0747
-64.0211
-63.966
-63.9094
-63.8513
-63.7917
-63.7306
-63.6681
-63.6041
-63.5387
-63.4718
-63.4036
-63.3339
-63.2628
-63.1903
-63.1164
-63.0412
-62.9645
-62.8866
-62.8072
-62.7266
-62.6446
-62.5613
-62.4768
-62.3909
-62.3037
-62.2153
-62.1256
-62.0347
-61.9426
-61.8492
-61.7546
-61.6588
-61.5618
-61.4637
-61.3644
-61.2639
-61.1624
-61.0596
-60.9558
-60.8509
-60.7449
-60.6378
-60.5296
-60.4204
-60.3102
-60.1989
-60.0867
-59.9734
-59.8592
-59.7439
-59.6278
-59.5107
-59.3926
-59.2737
-59.1538
-59.033
-58.9114
-58.7889
-58.6656
-58.5415
-58.4165
-58.2907
-58.1641
-58.0368
-57.9087
-57.7798
-57.6502
-57.5199
-57.3889
-57.2572
-57.1248
-56.9918
-56.8581
-56.7238
-56.5888
-56.4533
-56.3172
-56.1805
-56.0432
-55.9054
-55.7671
-55.6283
-55.4889
-55.3491
-55.2088
-55.0681
-54.9269
-54.7853
-54.6433
-54.5009
-54.3581
-54.2149
-54.0714
-53.9276
-53.7834
-53.639
-53.4942
-53.3492
-53.2039
-53.0584
-52.9127
-52.7667
-52.6206
-52.4742
-52.3277
-52.181
-52.0342
-51.8873
-51.7403
-51.5931
-51.4459
-51.2986
-51.1513
-51.0039
-50.8566
-50.7092
-50.5618
-50.4144
-50.2671
-50.1199
-49.9727
-49.8256
-49.6785
-49.5316
-49.3849
-49.2382
-49.0917
-48.9454
-48.7993
-48.6534
-48.5076
-48.3621
-48.2169
-48.0719
-47.9271
-47.7827
-47.6385
-47.4947
-47.3512
-47.208
-47.0651
-46.9227
-46.7806
-46.6388
-46.4975
-46.3567
-46.2162
-46.0762
-45.9366
-45.7975
-45.6589
-45.5208
-45.3832
-45.2462
-45.1096
-44.9736
-44.8382
-44.7033
-44.569
-44.4353
-44.3023
-44.1698
-44.038
-43.9068
-43.7762
-43.6464
-43.5172
-43.3887
-43.2609
-43.1338
-43.0075
-42.8819
-42.757
-42.6329
-42.5095
-42.387
-42.2652
-42.1442
-42.0241
-41.9047
-41.7862
-41.6685
-41.5517
-41.4358
-41.3207
-41.2065
-41.0932
-40.9807
-40.8692
-40.7587
-40.649
-40.5403
-40.4325
-40.3257
-40.2199
-40.115
-40.0111
-39.9082
-39.8063
-39.7054
-39.6055
-39.5066
-39.4088
-39.312
-39.2162
-39.1215
-39.0279
-38.9353
-38.8438
-38.7534
-38.6641
-38.5758
-38.4887
-38.4027
-38.3178
-38.234
-38.1513
-38.0698
-37.9894
-37.9101
-37.832
-37.7551
-37.6793
-37.6047
-37.5313
-37.459
-37.3879
-37.318
-37.2493
-37.1818
-37.1155
-37.0504
-36.9865
-36.9238
-36.8623
-36.802
-36.743
-36.6852
-36.6286
-36.5733
-36.5192
-36.4663
-36.4147
-36.3643
-36.3151
-36.2672
-36.2206
-36.1752
-36.1311
-36.0882
-36.0466
-36.0062
-35.9671
-35.9293
-35.8928
-35.8575
-35.8234
-35.7907
-35.7592
-35.729
-35.7
-35.6723
-35.6459
-35.6208
-35.5969
-35.5743
-35.553
-35.5329
-35.5141
-35.4966
-35.4803
-35.4653
-35.4516
-35.4392
-35.428
-35.418
-35.4094
-35.4019
-35.3958
-35.3909
-35.3872
-35.3848
-35.3837
-35.3838
-35.3851
-35.3877
-35.3915
-35.3966
-35.4028
-35.4104
-35.4191
-35.4291
-35.4402
-35.4526
-35.4663
-35.4811
-35.4971
-35.5143
-35.5328
-35.5524
-35.5732
-35.5952
-35.6183
-35.6427
-35.6682
-35.6948
-35.7227
-35.7517
-35.7818
-35.8131
-35.8455
-35.8791
-35.9137
-35.9495
-35.9865
-36.0245
-36.0636
-36.1038
-36.1452
-36.1876
-36.2311
-36.2756
-36.3212
-36.3679
-36.4157
-36.4644
-36.5143
-36.5651
-36.617
-36.6699
-36.7238
-36.7787
-36.8346
-36.8915
-36.9494
-37.0082
-37.068
-37.1288
-37.1905
-37.2531
-37.3167
-37.3812
-37.4467
-37.513
-37.5802
-37.6484
-37.7174
-37.7872
-37.858
-37.9296
-38.002
-38.0753
-38.1494
-38.2243
-38.3001
-38.3766
-38.454
-38.5321
-38.611
-38.6906
-38.7711
-38.8522
-38.9341
-39.0167
-39.1001
-39.1841
-39.2689
-39.3543
-39.4404
-39.5272
-39.6146
-39.7027
-39.7914
-39.8807
-39.9707
-40.0613
-40.1524
-40.2442
-40.3365
-40.4294
-40.5229
-40.6168
-40.7114
-40.8064
-40.902
-40.998
-41.0946
-41.1916
-41.2892
-41.3871
-41.4855
-41.5844
-41.6837
-41.7834
-41.8835
-41.984
-42.0849
-42.1862
-42.2878
-42.3898
-42.4921
-42.5947
-42.6977
-42.801
-42.9046
-43.0084
-43.1126
-43.217
-43.3217
-43.4266
-43.5317
-43.6371
-43.7426
-43.8484
-43.9543
-44.0605
-44.1668
-44.2732
-44.3798
-44.4866
-44.5934
-44.7004
-44.8075
-44.9146
-45.0219
-45.1292
-45.2365
-45.3439
-45.4514
-45.5589
-45.6664
-45.7738
-45.8813
-45.9888
-46.0962
-46.2036
-46.311
-46.4183
-46.5255
-46.6326
-46.7397
-46.8466
-46.9534
-47.0601
-47.1667
-47.2731
-47.3794
-47.4855
-47.5914
-47.6972
-47.8027
-47.9081
-48.0132
-48.1181
-48.2228
-48.3272
-48.4314
-48.5353
-48.6389
-48.7423
-48.8453
-48.948
-49.0505
-49.1526
-49.2543
-49.3558
-49.4568
-49.5576
-49.6579
-49.7579
-49.8574
-49.9566
-50.0554
-50.1537
-50.2517
-50.3491
-50.4462
-50.5428
-50.6389
-50.7346
-50.8298
-50.9245
-51.0187
-51.1124
-51.2055
-51.2982
-51.3903
-51.4819
-51.573
-51.6635
-51.7535
-51.8428
-51.9316
-52.0198
-52.1075
-52.1945
-52.2809
-52.3667
-52.4519
-52.5364
-52.6203
-52.7036
-52.7862
-52.8682
-52.9495
-53.0301
-53.1101
-53.1894
-53.2679
-53.3458
-53.423
-53.4995
-53.5752
-53.6503
-53.7246
-53.7981
-53.871
-53.9431
-54.0144
-54.085
-54.1548
-54.2238
-54.2921
-54.3596
-54.4263
-54.4922
-54.5574
-54.6217
-54.6852
-54.7479
-54.8098
-54.8709
-54.9312
-54.9906
-55.0492
-55.107
-55.1639
-55.22
-55.2753
-55.3297
-55.3832
-55.4359
-55.4877
-55.5387
-55.5888
-55.638
-55.6863
-55.7338
-55.7804
-55.8261
-55.8709
-55.9148
-55.9578
-56
-56.0412
-56.0816
-56.121
-56.1595
-56.1972
-56.2339
-56.2697
-56.3046
-56.3386
-56.3717
-56.4038
-56.4351
-56.4654
-56.4948
-56.5233
-56.5509
-56.5775
-56.6032
-56.628
-56.6519
-56.6748
-56.6968
-56.7179
-56.7381
-56.7573
-56.7757
-56.793
-56.8095
-56.825
-56.8396
-56.8533
-56.8661
-56.8779
-56.8888
-56.8988
-56.9079
-56.916
-56.9232
-56.9295
-56.9349
-56.9394
-56.943
-56.9456
-56.9473
-56.9481
-56.948
-56.947
-56.9451
-56.9423
-56.9386
-56.934
-56.9285
-56.9221
-56.9148
-56.9066
-56.8976
-56.8876
-56.8768
-56.8651
-56.8525
-56.839
-56.8247
-56.8095
-56.7935
-56.7766
-56.7588
-56.7402
-56.7207
-56.7004
-56.6792
-56.6572
-56.6344
-56.6107
-56.5862
-56.5609
-56.5348
-56.5078
-56.4801
-56.4515
-56.4221
-56.392
-56.361
-56.3293
-56.2968
-56.2635
-56.2294
-56.1946
-56.159
-56.1226
-56.0855
-56.0477
-56.0091
-55.9697
-55.9297
-55.8889
-55.8474
-55.8052
-55.7622
-55.7186
-55.6743
-55.6292
-55.5835
-55.5371
-55.4901
-55.4423
-55.394
-55.3449
-55.2952
-55.2449
-55.1939
-55.1423
-55.09
-55.0372
-54.9837
-54.9297
-54.875
-54.8197
-54.7639
-54.7075
-54.6505
-54.5929
-54.5348
-54.4762
-54.417
-54.3572
-54.297
-54.2362
-54.1749
-54.113
-54.0507
-53.9879
-53.9246
-53.8608
-53.7966
-53.7319
-53.6667
-53.6011
-53.535
-53.4685
-53.4016
-53.3343
-53.2665
-53.1983
-53.1298
-53.0608
-52.9915
-52.9218
-52.8517
-52.7813
-52.7105
-52.6394
-52.5679
-52.4962
-52.424
-52.3516
-52.2789
-52.2059
-52.1326
-52.059
-51.9851
-51.911
-51.8366
-51.762
-51.6871
-51.612
-51.5367
-51.4611
-51.3854
-51.3094
-51.2333
-51.1569
-51.0804
-51.0038
-50.9269
-50.8499
-50.7728
-50.6955
-50.6181
-50.5406
-50.4629
-50.3852
-50.3073
-50.2294
-50.1514
-50.0733
-49.9951
-49.9169
-49.8387
-49.7604
-49.682
-49.6037
-49.5253
-49.4469
-49.3685
-49.2901
-49.2117
-49.1334
-49.0551
-48.9768
-48.8985
-48.8203
-48.7422
-48.6641
-48.5861
-48.5082
-48.4304
-48.3527
-48.2751
-48.1976
-48.1202
-48.0429
-47.9658
-47.8888
-47.812
-47.7353
-47.6588
-47.5825
-47.5064
-47.4304
-47.3546
-47.2791
-47.2037
-47.1285
-47.0536
-46.9789
-46.9045
-46.8302
-46.7563
-46.6826
-46.6091
-46.536
-46.4631
-46.3904
-46.3181
-46.2461
-46.1744
-46.103
-46.0319
-45.9611
-45.8907
-45.8206
-45.7508
-45.6814
-45.6124
-45.5437
-45.4753
-45.4074
-45.3398
-45.2726
-45.2058
-45.1394
-45.0734
-45.0079
-44.9427
-44.8779
-44.8136
-44.7497
-44.6863
-44.6232
-44.5607
-44.4986
-44.4369
-44.3757
-44.315
-44.2548
-44.195
-44.1357
-44.0769
-44.0186
-43.9608
-43.9035
-43.8467
-43.7905
-43.7347
-43.6795
-43.6248
-43.5706
-43.5169
-43.4638
-43.4113
-43.3593
-43.3078
-43.2569
-43.2066
-43.1568
-43.1076
-43.059
-43.0109
-42.9634
-42.9165
-42.8702
-42.8245
-42.7793
-42.7348
-42.6909
-42.6475
-42.6048
-42.5627
-42.5212
-42.4803
-42.44
-42.4003
-42.3613
-42.3229
-42.2851
-42.248
-42.2115
-42.1756
-42.1404
-42.1058
-42.0718
-42.0385
-42.0058
-41.9738
-41.9424
-41.9117
-41.8817
-41.8523
-41.8235
-41.7954
-41.768
-41.7412
-41.7151
-41.6897
-41.6649
-41.6408
-41.6174
-41.5946
-41.5725
-41.5511
-41.5303
-41.5102
-41.4908
-41.4721
-41.454
-41.4366
-41.4199
-41.4039
-41.3885
-41.3738
-41.3598
-41.3464
-41.3338
-41.3218
-41.3105
-41.2998
-41.2899
-41.2806
-41.272
-41.264
-41.2568
-41.2502
-41.2443
-41.239
-41.2344
-41.2305
-41.2273
-41.2247
-41.2228
-41.2216
-41.221
-41.2211
-41.2218
-41.2232
-41.2253
-41.228
-41.2314
-41.2354
-41.2401
-41.2454
-41.2514
-41.258
-41.2653
-41.2732
-41.2818
-41.291
-41.3008
-41.3113
-41.3224
-41.3341
-41.3464
-41.3594
-41.373
-41.3872
-41.4021
-41.4175
-41.4336
-41.4503
-41.4675
-41.4854
-41.5039
-41.523
-41.5426
-41.5629
-41.5837
-41.6052
-41.6272
-41.6497
-41.6729
-41.6966
-41.7209
-41.7458
-41.7712
-41.7972
-41.8237
-41.8508
-41.8784
-41.9066
-41.9353
-41.9645
-41.9943
-42.0245
-42.0554
-42.0867
-42.1185
-42.1509
-42.1837
-42.2171
-42.2509
-42.2852
-42.3201
-42.3554
-42.3912
-42.4274
-42.4641
-42.5013
-42.539
-42.5771
-42.6156
-42.6546
-42.6941
-42.734
-42.7743
-42.815
-42.8562
-42.8977
-42.9397
-42.9821
-43.0249
-43.0681
-43.1117
-43.1556
-43.2
-43.2447
-43.2898
-43.3352
-43.3811
-43.4272
-43.4738
-43.5206
-43.5678
-43.6154
-43.6632
-43.7114
-43.7599
-43.8087
-43.8579
-43.9073
-43.957
-44.007
-44.0573
-44.1079
-44.1587
-44.2098
-44.2612
-44.3128
-44.3647
-44.4168
-44.4692
-44.5218
-44.5746
-44.6276
-44.6809
-44.7344
-44.788
-44.8419
-44.896
-44.9502
-45.0047
-45.0593
-45.1141
-45.169
-45.2241
-45.2793
-45.3347
-45.3903
-45.446
-45.5018
-45.5577
-45.6137
-45.6699
-45.7262
-45.7825
-45.839
-45.8955
-45.9521
-46.0088
-46.0656
-46.1225
-46.1794
-46.2363
-46.2933
-46.3503
-46.4074
-46.4645
-46.5217
-46.5788
-46.636
-46.6932
-46.7503
-46.8075
-46.8647
-46.9218
-46.9789
-47.036
-47.0931
-47.1501
-47.2071
-47.264
-47.3209
-47.3777
-47.4345
-47.4912
-47.5478
-47.6043
-47.6607
-47.717
-47.7733
-47.8294
-47.8855
-47.9414
-47.9972
-48.0528
-48.1084
-48.1638
-48.219
-48.2741
-48.3291
-48.3839
-48.4385
-48.493
-48.5473
-48.6014
-48.6554
-48.7091
-48.7627
-48.816
-48.8692
-48.9221
-48.9749
-49.0274
-49.0797
-49.1318
-49.1836
-49.2352
-49.2866
-49.3377
-49.3886
-49.4392
-49.4895
-49.5396
-49.5895
-49.639
-49.6883
-49.7373
-49.786
-49.8344
-49.8825
-49.9303
-49.9779
-50.0251
-50.072
-50.1186
-50.1648
-50.2108
-50.2564
-50.3017
-50.3467
-50.3913
-50.4355
-50.4795
