-80
-79.9968
-79.9904
-79.9807
-79.9679
-79.9518
-79.9325
-79.9101
-79.8844
-79.8555
-79.8234
-79.7882
-79.7497
-79.708
-79.6632
-79.6152
-79.564
-79.5096
-79.4521
-79.3914
-79.3276
-79.2606
-79.1905
-79.1172
-79.0409
-78.9614
-78.8788
-78.7931
-78.7043
-78.6124
-78.5174
-78.4194
-78.3183
-78.2142
-78.1071
-77.9969
-77.8837
-77.7675
-77.6483
-77.5262
-77.401
-77.273
-77.1419
-77.008
-76.8711
-76.7314
-76.5887
-76.4432
-76.2948
-76.1436
-75.9895
-75.8327
-75.673
-75.5106
-75.3454
-75.1774
-75.0068
-74.8334
-74.6573
-74.4785
-74.2971
-74.113
-73.9263
-73.737
-73.5451
-73.3506
-73.1536
-72.9541
-72.752
-72.5475
-72.3405
-72.1311
-71.9192
-71.7049
-71.4882
-71.2692
-71.0478
-70.8241
-70.5982
-70.3699
-70.1394
-69.9067
-69.6717
-69.4346
-69.1953
-68.9539
-68.7104
-68.4648
-68.2171
-67.9674
-67.7157
-67.462
-67.2064
-66.9488
-66.6893
-66.4279
-66.1647
-65.8996
-65.6327
-65.3641
-65.0937
-64.8216
-64.5477
-64.2723
-63.9951
-63.7164
-63.4361
-63.1542
-62.8708
-62.5859
-62.2995
-62.0116
-61.7224
-61.4318
-61.1398
-60.8465
-60.5518
-60.256
-59.9588
-59.6605
-59.361
-59.0603
-58.7585
-58.4557
-58.1517
-57.8468
-57.5408
-57.2339
-56.926
-56.6172
-56.3076
-55.9971
-55.6858
-55.3737
-55.0609
-54.7473
-54.433
-54.1181
-53.8026
-53.4865
-53.1698
-52.8525
-52.5348
-52.2166
-51.898
-51.579
-51.2595
-50.9398
-50.6197
-50.2994
-49.9788
-49.6581
-49.3371
-49.016
-48.6947
-48.3734
-48.052
-47.7307
-47.4093
-47.088
-46.7667
-46.4455
-46.1245
-45.8037
-45.4831
-45.1627
-44.8426
-44.5227
-44.2033
-43.8841
-43.5654
-43.2471
-42.9293
-42.6119
-42.2951
-41.9788
-41.6632
-41.3481
-41.0337
-40.72
-40.4069
-40.0947
-39.7832
-39.4725
-39.1626
-38.8537
-38.5456
-38.2384
-37.9322
-37.627
-37.3228
-37.0197
-36.7177
-36.4168
-36.117
-35.8184
-35.5209
-35.2248
-34.9298
-34.6362
-34.3439
-34.053
-33.7634
-33.4752
-33.1885
-32.9032
-32.6195
-32.3372
-32.0565
-31.7774
-31.4999
-31.224
-30.9498
-30.6773
-30.4065
-30.1374
-29.8702
-29.6047
-29.341
-29.0792
-28.8192
-28.5612
-28.3051
-28.0509
-27.7988
-27.5486
-27.3004
-27.0543
-26.8103
-26.5684
-26.3287
-26.091
-25.8556
-25.6223
-25.3913
-25.1625
-24.936
-24.7118
-24.4898
-24.2703
-24.053
-23.8382
-23.6257
-23.4157
-23.2081
-23.003
-22.8004
-22.6003
-22.4027
-22.2076
-22.0151
-21.8252
-21.6379
-21.4532
-21.2711
-21.0917
-20.915
-20.741
-20.5697
-20.4011
-20.2352
-20.0721
-19.9118
-19.7543
-19.5996
-19.4477
-19.2987
-19.1525
-19.0092
-18.8687
-18.7312
-18.5965
-18.4648
-18.3361
-18.2102
-18.0874
-17.9675
-17.8506
-17.7367
-17.6258
-17.518
-17.4131
-17.3113
-17.2126
-17.1169
-17.0243
-16.9348
-16.8484
-16.765
-16.6848
-16.6077
-16.5337
-16.4629
-16.3951
-16.3306
-16.2692
-16.2109
-16.1558
-16.1038
-16.0551
-16.0095
-15.9671
-15.9279
-15.8919
-15.859
-15.8294
-15.803
-15.7798
-15.7597
-15.7429
-15.7293
-15.7189
-15.7118
-15.7078
-15.707
-15.7095
-15.7152
-15.724
-15.7361
-15.7515
-15.77
-15.7917
-15.8166
-15.8447
-15.8761
-15.9106
-15.9483
-15.9892
-16.0333
-16.0806
-16.131
-16.1846
-16.2414
-16.3014
-16.3645
-16.4307
-16.5001
-16.5726
-16.6483
-16.727
-16.8089
-16.8939
-16.9819
-17.0731
-17.1673
-17.2646
-17.365
-17.4684
-17.5748
-17.6843
-17.7968
-17.9123
-18.0308
-18.1522
-18.2767
-18.4041
-18.5344
-18.6676
-18.8038
-18.9429
-19.0849
-19.2297
-19.3774
-19.528
-19.6814
-19.8376
-19.9966
-20.1584
-20.3229
-20.4902
-20.6603
-20.833
-21.0085
-21.1866
-21.3675
-21.5509
-21.737
-21.9257
-22.117
-22.3108
-22.5072
-22.7062
-22.9077
-23.1116
-23.318
-23.5269
-23.7382
-23.9519
-24.1681
-24.3865
-24.6074
-24.8305
-25.0559
-25.2837
-25.5137
-25.7459
-25.9803
-26.2169
-26.4557
-26.6966
-26.9396
-27.1847
-27.4319
-27.6811
-27.9324
-28.1856
-28.4408
-28.6979
-28.957
-29.2179
-29.4807
-29.7454
-30.0118
-30.2801
-30.5501
-30.8218
-31.0952
-31.3703
-31.647
-31.9254
-32.2054
-32.4869
-32.7699
-33.0545
-33.3405
-33.628
-33.9169
-34.2073
-34.4989
-34.7919
-35.0862
-35.3818
-35.6787
-35.9767
-36.276
-36.5764
-36.8779
-37.1805
-37.4842
-37.7889
-38.0946
-38.4014
-38.709
-39.0176
-39.327
-39.6373
-39.9484
-40.2603
-40.573
-40.8864
-41.2005
-41.5153
-41.8307
-42.1467
-42.4632
-42.7803
-43.0979
-43.416
-43.7346
-44.0535
-44.3728
-44.6925
-45.0125
-45.3327
-45.6533
-45.974
-46.2949
-46.616
-46.9372
-47.2585
-47.5799
-47.9013
-48.2227
-48.544
-48.8653
-49.1865
-49.5075
-49.8284
-50.149
-50.4695
-50.7897
-51.1096
-51.4292
-51.7484
-52.0672
-52.3856
-52.7035
-53.021
-53.338
-53.6544
-53.9702
-54.2854
-54.5999
-54.9138
-55.227
-55.5395
-55.8511
-56.162
-56.4721
-56.7813
-57.0896
-57.3969
-57.7034
-58.0088
-58.3132
-58.6166
-58.9189
-59.2201
-59.5201
-59.819
-60.1167
-60.4132
-60.7084
-61.0023
-61.295
-61.5862
-61.8761
-62.1646
-62.4517
-62.7373
-63.0214
-63.304
-63.5851
-63.8646
-64.1425
-64.4187
-64.6933
-64.9662
-65.2374
-65.5069
-65.7746
-66.0405
-66.3046
-66.5669
-66.8273
-67.0858
-67.3423
-67.5969
-67.8496
-68.1002
-68.3489
-68.5954
-68.8399
-69.0823
-69.3226
-69.5608
-69.7967
-70.0305
-70.262
-70.4914
-70.7184
-70.9432
-71.1656
-71.3858
-71.6035
-71.819
-72.032
-72.2426
-72.4507
-72.6564
-72.8596
-73.0603
-73.2585
-73.4542
-73.6473
-73.8378
-74.0257
-74.211
-74.3937
-74.5737
-74.7511
-74.9258
-75.0977
-75.2669
-75.4334
-75.5972
-75.7581
-75.9163
-76.0717
-76.2242
-76.3739
-76.5208
-76.6648
-76.8059
-76.9441
-77.0795
-77.2119
-77.3413
-77.4678
-77.5914
-77.712
-77.8296
-77.9442
-78.0558
-78.1643
-78.2699
-78.3724
-78.4718
-78.5682
-78.6616
-78.7518
-78.839
-78.923
-79.004
-79.0818
-79.1565
-79.2281
-79.2966
-79.3619
-79.424
-79.4831
-79.5389
-79.5916
-79.6411
-79.6874
-79.7306
-79.7705
-79.8073
-79.8409
-79.8712
-79.8984
-79.9224
-79.9432
-79.9607
-79.9751
-79.9862
-79.9942
-79.9989
-80.0004
-79.9987
-79.9938
-79.9856
-79.9743
-79.9597
-79.942
-79.921
-79.8968
-79.8695
-79.8389
-79.8051
-79.7681
-79.728
-79.6846
-79.6381
-79.5884
-79.5355
-79.4795
-79.4203
-79.3579
-79.2924
-79.2238
-79.152
-79.0771
-78.9991
-78.9179
-78.8337
-78.7463
-78.6559
-78.5624
-78.4658
-78.3661
-78.2634
-78.1577
-78.049
-77.9372
-77.8224
-77.7046
-77.5838
-77.4601
-77.3334
-77.2038
-77.0712
-76.9357
-76.7973
-76.656
-76.5118
-76.3648
-76.2149
-76.0622
-75.9066
-75.7483
-75.5871
-75.4232
-75.2566
-75.0872
-74.9151
-74.7402
-74.5627
-74.3825
-74.1997
-74.0142
-73.8261
-73.6354
-73.4422
-73.2464
-73.048
-72.8471
-72.6438
-72.4379
-72.2296
-72.0189
-71.8057
-71.5902
-71.3723
-71.152
-70.9294
-70.7045
-70.4773
-70.2478
-70.0161
-69.7822
-69.5461
-69.3078
-69.0674
-68.8249
-68.5803
-68.3336
-68.0848
-67.8341
-67.5813
-67.3266
-67.0699
-66.8113
-66.5508
-66.2884
-66.0242
-65.7582
-65.4903
-65.2208
-64.9494
-64.6764
-64.4017
-64.1253
-63.8474
-63.5678
-63.2866
-63.0039
-62.7197
-62.434
-62.1469
-61.8583
-61.5683
-61.2769
-60.9842
-60.6902
-60.3949
-60.0984
-59.8006
-59.5017
-59.2015
-58.9003
-58.5979
-58.2945
-57.99
-57.6845
-57.378
-57.0706
-56.7622
-56.453
-56.1429
-55.8319
-55.5202
-55.2077
-54.8945
-54.5805
-54.2659
-53.9507
-53.6348
-53.3184
-53.0014
-52.6839
-52.366
-52.0475
-51.7287
-51.4094
-51.0899
-50.7699
-50.4497
-50.1293
-49.8086
-49.4877
-49.1666
-48.8455
-48.5242
-48.2028
-47.8814
-47.5601
-47.2387
-46.9174
-46.5962
-46.2751
-45.9542
-45.6335
-45.313
-44.9927
-44.6727
-44.3531
-44.0338
-43.7149
-43.3964
-43.0783
-42.7607
-42.4437
-42.1271
-41.8112
-41.4958
-41.1811
-40.8671
-40.5537
-40.2411
-39.9292
-39.6181
-39.3079
-38.9985
-38.69
-38.3824
-38.0758
-37.7701
-37.4654
-37.1618
-36.8592
-36.5578
-36.2575
-35.9583
-35.6603
-35.3636
-35.068
-34.7738
-34.4809
-34.1893
-33.8991
-33.6102
-33.3228
-33.0369
-32.7524
-32.4695
-32.188
-31.9082
-31.6299
-31.3533
-31.0783
-30.805
-30.5333
-30.2635
-29.9953
-29.729
-29.4645
-29.2018
-28.941
-28.682
-28.425
-28.1699
-27.9168
-27.6657
-27.4166
-27.1695
-26.9246
-26.6817
-26.4409
-26.2022
-25.9658
-25.7315
-25.4994
-25.2696
-25.042
-24.8167
-24.5937
-24.373
-24.1546
-23.9387
-23.7251
-23.514
-23.3052
-23.0989
-22.8951
-22.6938
-22.4951
-22.2988
-22.1051
-21.914
-21.7254
-21.5395
-21.3562
-21.1756
-20.9976
-20.8223
-20.6497
-20.4798
-20.3127
-20.1483
-19.9867
-19.8279
-19.6718
-19.5186
-19.3682
-19.2207
-19.076
-18.9342
-18.7953
-18.6593
-18.5263
-18.3961
-18.2689
-18.1447
-18.0234
-17.9051
-17.7898
-17.6775
-17.5682
-17.4619
-17.3587
-17.2585
-17.1614
-17.0674
-16.9764
-16.8885
-16.8037
-16.7221
-16.6435
-16.568
-16.4957
-16.4265
-16.3605
-16.2976
-16.2378
-16.1812
-16.1278
-16.0776
-16.0305
-15.9866
-15.9459
-15.9084
-15.874
-15.8429
-15.815
-15.7903
-15.7687
-15.7504
-15.7353
-15.7234
-15.7147
-15.7092
-15.707
-15.7079
-15.7121
-15.7195
-15.7301
-15.7439
-15.7609
-15.7811
-15.8045
-15.8311
-15.861
-15.894
-15.9302
-15.9696
-16.0122
-16.058
-16.107
-16.1591
-16.2144
-16.2729
-16.3345
-16.3992
-16.4671
-16.5382
-16.6124
-16.6897
-16.7701
-16.8536
-16.9402
-17.03
-17.1227
-17.2186
-17.3175
-17.4195
-17.5245
-17.6326
-17.7437
-17.8577
-17.9748
-18.0949
-18.2179
-18.3439
-18.4729
-18.6048
-18.7396
-18.8773
-19.0179
-19.1614
-19.3078
-19.457
-19.6091
-19.764
-19.9216
-20.0821
-20.2454
-20.4114
-20.5802
-20.7517
-20.9258
-21.1027
-21.2823
-21.4645
-21.6494
-21.8368
-22.0269
-22.2196
-22.4148
-22.6125
-22.8128
-23.0156
-23.2209
-23.4286
-23.6388
-23.8514
-24.0664
-24.2837
-24.5035
-24.7255
-24.9499
-25.1766
-25.4055
-25.6366
-25.87
-26.1056
-26.3434
-26.5833
-26.8253
-27.0695
-27.3157
-27.564
-27.8143
-28.0666
-28.3208
-28.5771
-28.8352
-29.0953
-29.3572
-29.621
-29.8866
-30.154
-30.4232
-30.6941
-30.9667
-31.241
-31.517
-31.7946
-32.0738
-32.3546
-32.6369
-32.9208
-33.2062
-33.493
-33.7812
-34.0709
-34.3619
-34.6543
-34.948
-35.243
-35.5393
-35.8367
-36.1354
-36.4353
-36.7363
-37.0384
-37.3416
-37.6458
-37.9511
-38.2573
-38.5646
-38.8727
-39.1817
-39.4916
-39.8024
-40.1139
-40.4262
-40.7393
-41.0531
-41.3675
-41.6826
-41.9983
-42.3146
-42.6315
-42.9489
-43.2667
-43.5851
-43.9038
-44.223
-44.5425
-44.8623
-45.1825
-45.5029
-45.8235
-46.1443
-46.4654
-46.7865
-47.1078
-47.4291
-47.7505
-48.0719
-48.3932
-48.7146
-49.0358
-49.3569
-49.6779
-49.9986
-50.3192
-50.6395
-50.9595
-51.2793
-51.5987
-51.9177
-52.2363
-52.5544
-52.8721
-53.1893
-53.506
-53.8221
-54.1376
-54.4524
-54.7667
-55.0802
-55.393
-55.705
-56.0163
-56.3267
-56.6363
-56.945
-57.2529
-57.5597
-57.8656
-58.1705
-58.4744
-58.7772
-59.0789
-59.3795
-59.679
-59.9772
-60.2743
-60.5701
-60.8646
-61.1578
-61.4497
-61.7403
-62.0294
-62.3172
-62.6035
-62.8883
-63.1716
-63.4534
-63.7336
-64.0123
-64.2893
-64.5647
-64.8384
-65.1104
-65.3807
-65.6493
-65.916
-66.181
-66.4441
-66.7054
-66.9647
-67.2222
-67.4777
-67.7313
-67.9829
-68.2325
-68.48
-68.7255
-68.9689
-69.2102
-69.4493
-69.6863
-69.9211
-70.1537
-70.3841
-70.6122
-70.838
-71.0616
-71.2828
-71.5017
-71.7182
-71.9323
-72.1441
-72.3534
-72.5602
-72.7646
-72.9665
-73.1659
-73.3627
-73.557
-73.7488
-73.9379
-74.1244
-74.3083
-74.4896
-74.6682
-74.8441
-75.0174
-75.1879
-75.3557
-75.5207
-75.683
-75.8425
-75.9991
-76.153
-76.3041
-76.4523
-76.5976
-76.7401
-76.8797
-77.0163
-77.1501
-77.2809
-77.4088
-77.5338
-77.6558
-77.7748
-77.8908
-78.0038
-78.1138
-78.2207
-78.3247
-78.4256
-78.5234
-78.6182
-78.7098
-78.7984
-78.884
-78.9664
-79.0457
-79.1219
-79.1949
-79.2648
-79.3316
-79.3953
-79.4558
-79.5131
-79.5673
-79.6183
-79.6661
-79.7107
-79.7522
-79.7904
-79.8255
-79.8574
-79.8861
-79.9116
-79.9338
-79.9529
-79.9688
-79.9814
-79.9909
-79.9971
-80.0001
-79.9999
-79.9965
-79.9899
-79.98
-79.967
-79.9507
-79.9313
-79.9086
-79.8827
-79.8536
-79.8214
-79.7859
-79.7472
-79.7054
-79.6603
-79.6121
-79.5607
-79.5062
-79.4485
-79.3876
-79.3236
-79.2564
-79.1861
-79.1126
-79.0361
-78.9564
-78.8736
-78.7877
-78.6987
-78.6066
-78.5115
-78.4133
-78.312
-78.2077
-78.1004
-77.99
-77.8766
-77.7602
-77.6409
-77.5185
-77.3932
-77.265
-77.1338
-76.9996
-76.8626
-76.7226
-76.5798
-76.4341
-76.2856
-76.1342
-75.98
-75.8229
-75.6631
-75.5005
-75.3351
-75.167
-74.9961
-74.8226
-74.6463
-74.4674
-74.2858
-74.1016
-73.9147
-73.7252
-73.5332
-73.3386
-73.1414
-72.9417
-72.7395
-72.5348
-72.3277
-72.1181
-71.906
-71.6916
-71.4748
-71.2556
-71.0341
-70.8103
-70.5841
-70.3557
-70.1251
-69.8922
-69.6572
-69.4199
-69.1805
-68.9389
-68.6953
-68.4496
-68.2018
-67.952
-67.7001
-67.4463
-67.1905
-66.9328
-66.6732
-66.4117
-66.1484
-65.8832
-65.6162
-65.3474
-65.0769
-64.8047
-64.5308
-64.2552
-63.978
-63.6991
-63.4187
-63.1367
-62.8532
-62.5682
-62.2818
-61.9938
-61.7045
-61.4138
-61.1217
-60.8283
-60.5336
-60.2377
-59.9405
-59.6421
-59.3425
-59.0417
-58.7399
-58.4369
-58.1329
-57.8279
-57.5219
-57.2149
-56.907
-56.5982
-56.2885
-55.9779
-55.6666
-55.3544
-55.0415
-54.7279
-54.4136
-54.0987
-53.7831
-53.4669
-53.1502
-52.8329
-52.5152
-52.197
-51.8783
-51.5593
-51.2398
-50.9201
-50.6
-50.2796
-49.9591
-49.6383
-49.3173
-48.9961
-48.6749
-48.3536
-48.0322
-47.7108
-47.3895
-47.0681
-46.7469
-46.4257
-46.1047
-45.7839
-45.4633
-45.1429
-44.8228
-44.503
-44.1836
-43.8645
-43.5457
-43.2275
-42.9097
-42.5924
-42.2756
-41.9593
-41.6437
-41.3287
-41.0143
-40.7006
-40.3876
-40.0754
-39.764
-39.4533
-39.1435
-38.8346
-38.5266
-38.2195
-37.9134
-37.6082
-37.3041
-37.0011
-36.6991
-36.3982
-36.0985
-35.8
-35.5026
-35.2065
-34.9117
-34.6181
-34.3259
-34.0351
-33.7456
-33.4575
-33.1709
-32.8857
-32.602
-32.3199
-32.0393
-31.7603
-31.4828
-31.2071
-30.933
-30.6606
-30.3899
-30.1209
-29.8537
-29.5883
-29.3248
-29.0631
-28.8033
-28.5453
-28.2893
-28.0353
-27.7833
-27.5332
-27.2852
-27.0392
-26.7953
-26.5536
-26.3139
-26.0764
-25.8411
-25.608
-25.3771
-25.1485
-24.9221
-24.698
-24.4762
-24.2568
-24.0397
-23.825
-23.6127
-23.4028
-23.1954
-22.9905
-22.788
-22.588
-22.3906
-22.1957
-22.0033
-21.8136
-21.6264
-21.4419
-21.26
-21.0808
-20.9042
-20.7303
-20.5592
-20.3908
-20.2251
-20.0622
-19.902
-19.7447
-19.5901
-19.4384
-19.2896
-19.1436
-19.0004
-18.8601
-18.7228
-18.5883
-18.4568
-18.3282
-18.2026
-18.0799
-17.9602
-17.8435
-17.7298
-17.6191
-17.5114
-17.4068
-17.3052
-17.2066
-17.1111
-17.0187
-16.9294
-16.8431
-16.76
-16.68
-16.6031
-16.5293
-16.4586
-16.3911
-16.3267
-16.2655
-16.2074
-16.1525
-16.1007
-16.0522
-16.0068
-15.9646
-15.9256
-15.8897
-15.8571
-15.8277
-15.8015
-15.7784
-15.7586
-15.742
-15.7286
-15.7184
-15.7114
-15.7076
-15.7071
-15.7097
-15.7156
-15.7247
-15.737
-15.7525
-15.7712
-15.7931
-15.8183
-15.8466
-15.8781
-15.9128
-15.9507
-15.9918
-16.0361
-16.0836
-16.1342
-16.1881
-16.245
-16.3052
-16.3685
-16.4349
-16.5045
-16.5772
-16.653
-16.732
-16.814
-16.8992
-16.9875
-17.0788
-17.1733
-17.2707
-17.3713
-17.4749
-17.5815
-17.6912
-17.8038
-17.9195
-18.0382
-18.1598
-18.2844
-18.412
-18.5425
-18.676
-18.8123
-18.9516
-19.0937
-19.2388
-19.3867
-19.5374
-19.6909
-19.8473
-20.0065
-20.1684
-20.3332
-20.5007
-20.6709
-20.8438
-21.0194
-21.1977
-21.3787
-21.5623
-21.7486
-21.9374
-22.1289
-22.3229
-22.5195
-22.7186
-22.9202
-23.1243
-23.3309
-23.5399
-23.7513
-23.9652
-24.1815
-24.4001
-24.6211
-24.8443
-25.0699
-25.2978
-25.5279
-25.7603
-25.9948
-26.2316
-26.4705
-26.7115
-26.9547
-27.1999
-27.4472
-27.6966
-27.9479
-28.2013
-28.4566
-28.7139
-28.973
-29.2341
-29.497
-29.7618
-30.0283
-30.2967
-30.5668
-30.8386
-31.1121
-31.3873
-31.6642
-31.9426
-32.2227
-32.5043
-32.7874
-33.0721
-33.3582
-33.6458
-33.9348
-34.2252
-34.517
-34.8101
-35.1045
-35.4001
-35.697
-35.9952
-36.2945
-36.5949
-36.8965
-37.1992
-37.503
-37.8078
-38.1135
-38.4203
-38.728
-39.0366
-39.3461
-39.6565
-39.9677
-40.2796
-40.5923
-40.9058
-41.2199
-41.5347
-41.8501
-42.1662
-42.4828
-42.7999
-43.1176
-43.4357
-43.7542
-44.0732
-44.3925
-44.7122
-45.0322
-45.3525
-45.673
-45.9938
-46.3147
-46.6358
-46.9571
-47.2784
-47.5997
-47.9211
-48.2425
-48.5638
-48.8851
-49.2063
-49.5273
-49.8482
-50.1688
-50.4893
-50.8094
-51.1293
-51.4489
-51.7681
-52.0869
-52.4052
-52.7231
-53.0406
-53.3575
-53.6739
-53.9896
-54.3048
-54.6193
-54.9332
-55.2463
-55.5587
-55.8704
-56.1812
-56.4912
-56.8003
-57.1086
-57.4159
-57.7222
-58.0276
-58.332
-58.6353
-58.9375
-59.2386
-59.5386
-59.8374
-60.1351
-60.4314
-60.7266
-61.0204
-61.313
-61.6042
-61.894
-62.1824
-62.4694
-62.7549
-63.0389
-63.3214
-63.6024
-63.8818
-64.1595
-64.4357
-64.7102
-64.983
-65.2541
-65.5235
-65.7911
-66.0569
-66.3209
-66.583
-66.8433
-67.1017
-67.3581
-67.6126
-67.8651
-68.1156
-68.3641
-68.6106
-68.855
