hzero
-19.9009901 ,-19.9009901 ,-19.8019802 ,-19.7029703 ,-19.6039604 ,
 -19.5049505 ,-19.40594059,-19.30693069,-19.20792079,-19.10891089,
 -19.00990099,-18.91089109,-18.81188119,-18.71287129,-18.61386139,
 -18.51485149,-18.41584158,-18.31683168,-18.21782178,-18.11881188,
 -18.01980198,-17.92079208,-17.82178218,-17.72277228,-17.62376238,
 -17.52475248,-17.42574257,-17.32673267,-17.22772277,-17.12871287,
 -17.02970297,-16.93069307,-16.83168317,-16.73267327,-16.63366337,
 -16.53465347,-16.43564356,-16.33663366,-16.23762376,-16.13861386,
 -16.03960396,-15.94059406,-15.84158416,-15.74257426,-15.64356436,
 -14.        ,-14.        ,-14.        ,-14.        ,-14.        ,
 -14.        ,-14.        ,-14.        ,-14.        ,-14.        ,
 -14.        ,-14.45544554,-14.35643564,-14.25742574,-14.15841584,
 -14.05940594,-13.96039604,-13.86138614,-13.76237624,-13.66336634,
 -13.56435644,-13.46534653,-13.36633663,-13.26732673,-13.16831683,
 -13.06930693,-12.97029703,-12.87128713,-12.77227723,-12.67326733,
 -12.57425743,-12.47524752,-12.37623762,-12.27722772,-12.17821782,
 -12.07920792,-11.98019802,-11.88118812,-11.78217822,-11.68316832,
 -11.58415842,-11.48514851,-11.38613861,-11.28712871,-11.18811881,
 -11.08910891,-10.99009901,-10.89108911,-10.79207921,-10.69306931,
 -10.59405941,-10.4950495 ,-10.3960396 ,-10.2970297 ,-10.1980198 ,
 -10.0990099 ,-10.0990099 

eta
19.9009901 ,19.9009901 ,20.8019802 ,20.7029703 ,20.6039604 ,20.5049505 ,
 20.40594059,20.30693069,20.20792079,20.10891089,20.00990099,19.91089109,
 19.81188119,19.71287129,19.61386139,19.51485149,19.41584158,19.31683168,
 19.21782178,19.11881188,19.01980198,17.92079208,17.82178218,17.72277228,
 17.62376238,17.52475248,17.42574257,17.32673267,17.22772277,17.12871287,
 17.02970297,16.93069307,16.83168317,16.73267327,16.63366337,16.53465347,
 16.43564356,16.33663366,16.23762376,16.13861386,16.03960396,15.94059406,
 15.84158416,15.74257426,15.64356436,14.        ,14.        ,14.        ,
 14.        ,14.        ,14.        ,14.        ,14.        ,14.        ,
 14.        ,14.        ,14.45544554,14.35643564,14.25742574,14.15841584,
 14.05940594,13.96039604,13.86138614,13.76237624,13.66336634,13.56435644,
 13.46534653,13.36633663,13.26732673,13.16831683,13.06930693,12.97029703,
 12.87128713,12.77227723,12.67326733,12.57425743,12.47524752,12.37623762,
 12.27722772,12.17821782,12.07920792,11.98019802,11.88118812,11.78217822,
 11.68316832,11.58415842,11.48514851,11.38613861,11.28712871,11.18811881,
 11.08910891,10.99009901,10.89108911,10.79207921,10.69306931,10.59405941,
 10.4950495 ,10.3960396 ,10.2970297 ,10.1980198 ,10.0990099 ,10.0990099 

